t x y z qx qy qz qw rx_deg ry_deg rz_deg
200.000000 0.000000000 0.000000000 0.000000000 0.000000000 0.000000000 0.000000000 1.000000000 0.000000000 0.000000000 0.000000000 
201.000000 0.046808220 0.062365830 0.040433630 0.002743236 0.001941394 -0.002513525 0.999991194 0.313793695 0.223256102 -0.287419319 
202.000000 0.099920440 0.157443440 0.079038690 0.003261613 0.002184876 -0.004027659 0.999984183 0.372745239 0.251870549 -0.460721236 
203.000000 0.168571110 0.299637220 0.135779120 0.004944528 0.002083203 -0.004025962 0.999977502 0.565641548 0.240993934 -0.460159554 
204.000000 0.289738730 0.434419400 0.224303340 0.005705537 -0.000373847 -0.003159117 0.999978663 0.653942129 -0.040773349 -0.362247347 
205.000000 0.315043100 0.608692580 0.273683020 0.008002470 -0.000779291 -0.001705988 0.999966221 0.917177128 -0.087732771 -0.196200456 
206.000000 0.343648240 0.731182570 0.306156280 0.012889093 -0.001331305 0.000187643 0.999916028 1.476997444 -0.152820832 0.019534256 
207.000000 0.352218250 0.808240960 0.331087030 0.013067641 0.000237247 0.000972298 0.999914114 1.497509819 0.025728210 0.111762920 
208.000000 0.363495610 0.803662070 0.371964920 0.008967795 0.000333035 0.001237782 0.999958967 1.027693998 0.036889450 0.142175962 
209.000000 0.360644530 0.819618360 0.451313800 0.010376759 0.000973674 0.002404358 0.999942795 1.189376795 0.108709509 0.276662729 
210.000000 0.405542070 0.927165390 0.504456770 0.014623599 0.000463603 0.002122140 0.999890710 1.675910198 0.049563034 0.243930461 
211.000000 0.444865770 1.022878780 0.486181590 0.014144682 -0.000229708 0.002182137 0.999897551 1.620854070 -0.029856844 0.249657362 
212.000000 0.484739730 1.108898350 0.539220090 0.015470505 -0.000590808 0.002101660 0.999877941 1.772714807 -0.071419165 0.239756608 
213.000000 0.487743360 1.205689440 0.609957390 0.021075112 0.000569990 0.001301508 0.999776886 2.415292819 0.062158301 0.150485360 
214.000000 0.060111520 1.004185960 0.634631330 0.010946259 0.020319937 0.003164711 0.999728595 1.262518437 2.324529281 0.388361578 
215.000000 0.032152380 1.070396840 0.696762070 0.012812012 0.022231959 0.003984761 0.999662800 1.479424616 2.541719146 0.489593435 
216.000000 0.091150190 1.150332620 0.766939430 0.014694386 0.020094407 0.003828345 0.999682766 1.693740087 2.296087097 0.472777811 
217.000000 0.096283130 1.217477580 0.813033990 0.016412010 0.019192299 0.001889311 0.999679315 1.885954610 2.195554286 0.252710531 
218.000000 0.034561660 1.252283090 0.854031110 0.019562874 0.020050970 0.002583556 0.999604211 2.249164984 2.291581762 0.341160448 
219.000000 0.042622450 1.298708050 0.913878480 0.021776281 0.018783782 0.001604404 0.999585108 2.500346066 2.148069405 0.230810328 
220.000000 -0.065127870 1.367758400 0.926155960 0.023450690 0.018412490 0.001574127 0.999554184 2.692181331 2.105218886 0.229936046 
221.000000 -0.200500760 1.445542280 0.964902230 0.022115190 0.019519559 -0.000257877 0.999564825 2.535293239 2.237025129 0.019944274 
222.000000 -0.196871310 1.573892550 1.026763210 0.021798205 0.019174717 -0.001858470 0.999576768 2.495379627 2.201514689 -0.165100590 
223.000000 -0.219688610 1.760846550 1.047996230 0.027450895 0.019611107 -0.002386230 0.999427916 3.142484358 2.254069317 -0.211760217 
224.000000 -0.165818300 1.848186830 1.100802010 0.031084126 0.019000384 -0.003555000 0.999329838 3.556728824 2.189019826 -0.339670889 
225.000000 -0.274847560 2.138149960 1.188522330 0.043941167 0.024197631 -0.005803449 0.998724170 5.025200948 2.799642549 -0.542992007 
226.000000 -0.298129220 2.216696410 1.192271250 0.045634332 0.023055482 -0.008170422 0.998658699 5.213604525 2.682125094 -0.815362042 
227.000000 -0.322392880 2.294743500 1.169883950 0.049520472 0.023870686 -0.008055764 0.998455316 5.659666611 2.777955541 -0.787189152 
228.000000 -0.318198820 2.437260550 1.220286030 0.053436497 0.024865187 -0.007299937 0.998234929 6.111102302 2.890237083 -0.683661728 
229.000000 -0.248127870 2.553729740 1.299391060 0.054207648 0.021589924 -0.005708818 0.998279928 6.204975045 2.506028192 -0.519450041 
230.000000 -0.234969490 2.679987660 1.348816810 0.054672572 0.020795510 -0.006667625 0.998265495 6.256259232 2.421350050 -0.633022159 
231.000000 -0.272392630 2.704914350 1.405700580 0.051729156 0.023751142 -0.007841173 0.998347882 5.913957305 2.764736957 -0.757160865 
232.000000 -0.298437040 2.940149430 1.492790100 0.060816170 0.025086912 -0.010409022 0.997779381 6.949788845 2.942198206 -1.016699623 
233.000000 -0.399500040 3.073475540 1.504551380 0.065091240 0.025605260 -0.011732945 0.997481749 7.436830985 3.015664856 -1.151795922 
234.000000 -0.481372010 3.051027370 1.511113930 0.063097016 0.026407264 -0.011273335 0.997594274 7.208411181 3.101795144 -1.099464667 
235.000000 -0.343002350 2.809170110 1.553129600 0.049729634 0.018951362 -0.013033292 0.998497843 5.675350476 2.243248467 -1.384461201 
236.000000 -0.263244850 2.889433850 1.573304050 0.052678437 0.015345749 -0.014449784 0.998389049 6.015522107 1.843204548 -1.561522295 
237.000000 -0.195731350 2.948736140 1.618302000 0.053478565 0.014862353 -0.014801552 0.998348670 6.107401989 1.791286371 -1.603245265 
238.000000 -0.225426350 2.970752170 1.628722540 0.052528144 0.016242625 -0.015634863 0.998364924 5.994745589 1.952713058 -1.692153439 
239.000000 -0.243136410 3.070479800 1.667059060 0.056652020 0.014818797 -0.015586972 0.998162311 6.470362368 1.796470968 -1.687725216 
240.000000 -0.275596430 3.081830350 1.636946730 0.054213947 0.013496437 -0.015529222 0.998317353 6.192573279 1.640674303 -1.693618208 
241.000000 -0.303996170 3.163201000 1.643356130 0.057999989 0.011270833 -0.016825123 0.998111159 6.628780269 1.401067401 -1.850340622 
242.000000 -0.363577210 3.160397810 1.624522060 0.057378415 0.009874389 -0.017499622 0.998150278 6.558978944 1.244587954 -1.937501023 
243.000000 -0.335719770 3.173748000 1.612881930 0.059868303 0.007900187 -0.015434029 0.998055692 6.850461726 1.009470444 -1.711492365 
244.000000 -0.252767630 3.207038580 1.572416230 0.062968163 0.004730744 -0.017294231 0.997854468 7.210264551 0.665743810 -1.943889783 
245.000000 -0.285947840 3.227597980 1.550026940 0.064372269 0.004237022 -0.016970813 0.997772644 7.372593415 0.609642538 -1.909587467 
246.000000 -0.458093560 3.025253100 1.489449540 0.056544710 0.010444036 -0.014194442 0.998244527 6.466530788 1.286779137 -1.556619222 
247.000000 -0.431182430 3.039462410 1.563705040 0.056261915 0.007338101 -0.013142016 0.998302578 6.439530643 0.924225602 -1.456444382 
248.000000 -0.434485780 3.035180090 1.585622750 0.053655793 0.006046428 -0.014380976 0.998437622 6.141251206 0.780232645 -1.608547704 
249.000000 -0.439569760 3.114743470 1.604101960 0.053620320 0.004618228 -0.014255427 0.998448955 6.139457850 0.615992545 -1.602943206 
250.000000 -0.414384890 3.164443230 1.645275100 0.053546582 0.001353463 -0.014286205 0.998462236 6.136112628 0.242517617 -1.626489243 
251.000000 -0.385141720 3.202060660 1.650405210 0.053553184 -0.001622557 -0.014360918 0.998460409 6.141728879 -0.097515864 -1.653295402 
252.000000 -0.360928960 3.294788370 1.642212170 0.056667388 -0.002189929 -0.014689433 0.998282641 6.500096785 -0.155129235 -1.694868137 
253.000000 -0.311447990 3.256821390 1.655566760 0.054226848 -0.004416213 -0.012123953 0.998445269 6.222815028 -0.429940474 -1.414768353 
254.000000 -0.296841900 3.303116860 1.577455710 0.056603216 -0.005245936 -0.010899476 0.998323473 6.496113914 -0.529442958 -1.281081871 
255.000000 -0.239176200 3.377530070 1.548809650 0.061235931 -0.006319824 -0.010087545 0.998052334 7.028829906 -0.652016539 -1.198207991 
256.000000 -0.210373530 3.406338220 1.538975620 0.062454513 -0.005335239 -0.007932784 0.998002024 7.166314557 -0.553387418 -0.945483899 
257.000000 -0.096228320 3.482979670 1.538785140 0.064036400 -0.008459975 -0.008483926 0.997875639 7.351738393 -0.905164621 -1.032385275 
258.000000 -0.238500610 3.483662710 1.463478430 0.057371032 0.000191599 -0.006417776 0.998332279 6.577573462 0.064111000 -0.732957310 
259.000000 -0.217432040 3.582116020 1.509840630 0.057990161 -0.001537549 -0.006737984 0.998293232 6.649965721 -0.131114399 -0.781041797 
260.000000 -0.216885500 3.654534430 1.614151520 0.060376767 -0.002107458 -0.007762790 0.998143248 6.924578041 -0.187340666 -0.902521483 
261.000000 -0.202509960 3.710622760 1.674088110 0.064855812 -0.002494814 -0.006861677 0.997867936 7.438989261 -0.234280260 -0.803188143 
262.000000 -0.165016010 3.721168780 1.668641500 0.063412253 -0.005717603 -0.005615849 0.997955238 7.275279941 -0.613053417 -0.683815418 
263.000000 -0.182289100 3.867690590 1.677480820 0.067027787 -0.007177112 -0.004603660 0.997714674 7.690846346 -0.785221621 -0.581525663 
264.000000 -0.181358400 3.936034660 1.679702450 0.068166331 -0.008245250 -0.003261477 0.997634567 7.821156312 -0.917163945 -0.437319964 
265.000000 -0.142404250 3.927378280 1.700075550 0.067129906 -0.010251400 -0.004272107 0.997682431 7.704426464 -1.139213194 -0.567393371 
266.000000 -0.137633730 3.849519500 1.699839180 0.063125086 -0.012963648 -0.003144496 0.997916469 7.244837476 -1.459841412 -0.453507735 
267.000000 -0.068353850 3.852069640 1.755688590 0.065942652 -0.014704934 -0.002926870 0.997710762 7.569267625 -1.659318937 -0.445935704 
268.000000 -0.012873050 3.791932210 1.826374400 0.063166004 -0.015409766 0.000514137 0.997883926 7.244788602 -1.766093616 -0.052774355 
269.000000 0.028156420 3.769413380 1.895537110 0.061670979 -0.018215749 0.002733939 0.997926552 7.069284946 -2.102835747 0.184030778 
270.000000 0.191416960 3.274084730 1.808880920 0.031523410 -0.024587203 0.001950261 0.999198649 3.610696701 -2.823415640 0.134651174 
271.000000 0.278111910 3.178792570 1.828937370 0.023784589 -0.027729198 0.003240317 0.999327216 2.718603241 -3.185867184 0.295945567 
272.000000 0.346266760 3.224010180 1.890866000 0.025214886 -0.027690100 0.002699632 0.999294841 2.884468159 -3.180247325 0.229482785 
273.000000 0.398964130 3.191602220 1.996816110 0.025056294 -0.028963138 0.002938496 0.999262070 2.865389374 -3.326788108 0.253746686 
274.000000 0.410252370 3.114537590 2.037832580 0.025974206 -0.030134361 0.003672396 0.999201568 2.968112975 -3.463425752 0.331404057 
275.000000 0.445542330 3.096838780 2.109545060 0.029407812 -0.031280049 0.002646877 0.999074438 3.365825814 -3.592384890 0.198008266 
276.000000 0.411561270 3.121294200 2.135190130 0.031012851 -0.030487597 0.003160364 0.999048909 3.548285554 -3.503713125 0.253934918 
277.000000 0.444324950 3.030888790 2.157807190 0.023412877 -0.034047114 0.002463425 0.999142914 2.678207249 -3.907806126 0.191144914 
278.000000 0.457375470 2.813057390 2.239057610 0.003197345 -0.035087676 0.001054896 0.999378566 0.362815525 -4.021941573 0.108217904 
279.000000 0.452473270 2.796133190 2.230727260 -0.005144778 -0.030750477 0.000740446 0.999513577 -0.593002240 -3.523815606 0.103131518 
280.000000 0.499565490 2.796405500 2.338484490 -0.005519195 -0.033630172 0.001777121 0.999417526 -0.640394289 -3.853269174 0.225303854 
281.000000 0.559778230 2.802189370 2.445705540 -0.005542867 -0.036179271 0.003391141 0.999324190 -0.650510697 -4.144496644 0.412395335 
282.000000 0.636187110 2.794485980 2.516146740 -0.007175832 -0.036009110 0.005882222 0.999308386 -0.848218362 -4.122204659 0.705038410 
283.000000 0.583147140 2.865168550 2.609690700 -0.003723077 -0.034224882 0.005692018 0.999391013 -0.449753694 -3.920123551 0.668039565 
284.000000 0.684240540 2.987809330 2.683566430 0.001797676 -0.040177114 0.006961340 0.999166707 0.174340552 -4.606516842 0.791350991 
285.000000 0.804960320 2.958469350 2.718881920 -0.002136746 -0.041066289 0.008345920 0.999119282 -0.284873162 -4.704947961 0.968895800 
286.000000 0.909565620 3.111061580 2.758654150 0.003470782 -0.040233121 0.008351882 0.999149386 0.360048269 -4.614763964 0.943340104 
287.000000 1.122320460 3.306692510 2.808638740 0.012963576 -0.055191040 0.010838851 0.998332817 1.423348831 -6.342932784 1.165195556 
288.000000 1.150141610 3.359862010 2.799829620 0.010914381 -0.054620274 0.010442730 0.998392934 1.190541701 -6.274558457 1.133274500 
289.000000 1.238752070 3.509976360 2.806722430 0.019598633 -0.055505819 0.010002732 0.998215880 2.192338481 -6.384821222 1.025944565 
290.000000 1.513174050 3.503449290 2.774653550 0.017087549 -0.063483811 0.008279365 0.997802222 1.909359649 -7.294623058 0.829092339 
291.000000 1.602747370 3.548418740 2.792592140 0.022660664 -0.066474899 0.008971037 0.997490402 2.545317503 -7.644299266 0.860487707 
292.000000 1.797322270 3.591103060 2.798783840 0.023676230 -0.073814881 0.008089839 0.996958050 2.666558610 -8.485768798 0.731973364 
293.000000 1.904115700 3.676365210 2.826737240 0.025133991 -0.074968058 0.008648249 0.996831621 2.829832630 -8.620887578 0.780803241 
294.000000 2.111603960 3.692963370 2.830634440 0.022895336 -0.080707119 0.009197829 0.996432418 2.563583693 -9.280012815 0.849639964 
295.000000 2.237553890 3.776753210 2.873637700 0.026846761 -0.082956281 0.008666511 0.996153803 3.025424426 -9.540211606 0.744397624 
296.000000 2.395194010 3.920238610 2.935856050 0.030285839 -0.088419689 0.008977148 0.995582311 3.419964400 -10.171893297 0.728774173 
297.000000 2.537863980 4.015645240 2.923858740 0.037050691 -0.090741710 0.010151376 0.995133226 4.192678232 -10.448543907 0.785386240 
298.000000 2.167144200 3.559935610 2.565789860 0.006909664 -0.058725033 0.010445987 0.998195626 0.725097314 -6.741063093 1.156436895 
299.000000 2.297696240 3.588748000 2.555100190 0.006283246 -0.063801512 0.010957860 0.997882665 0.643632236 -7.323449267 1.217101503 
300.000000 2.490951180 3.763027530 2.560352050 0.017121513 -0.069506471 0.011008765 0.997373807 1.887816132 -7.991421920 1.132903050 
301.000000 2.583365620 3.757476050 2.571255520 0.015162456 -0.073994725 0.014948012 0.997031312 1.623681428 -8.511239086 1.597059003 
302.000000 2.638620700 3.784275070 2.514498200 0.013637751 -0.078861361 0.015248572 0.996675664 1.437898670 -9.068449333 1.639013753 
303.000000 2.705887930 3.819636320 2.459579800 0.013152245 -0.080723271 0.016942291 0.996505761 1.363133104 -9.283990401 1.837377594 
304.000000 2.810139480 3.866387110 2.461935230 0.014988049 -0.084460095 0.016887933 0.996170994 1.570199255 -9.716871622 1.808992446 
305.000000 2.915936550 3.785696640 2.452303180 0.010135692 -0.088646234 0.017547020 0.995857025 0.994138529 -10.190040120 1.930256955 
306.000000 3.047928910 3.924522470 2.442629960 0.017581928 -0.093533301 0.019931894 0.995261331 1.823997615 -10.770820784 2.122630516 
307.000000 3.114842300 4.184801520 2.424862080 0.031161643 -0.096367595 0.023129704 0.994588988 3.361296482 -11.135726941 2.336640546 
308.000000 3.170449570 4.192411250 2.448182730 0.028559187 -0.096985391 0.021495564 0.994643729 3.076207160 -11.195634744 2.174511235 
309.000000 3.384550540 4.116291490 2.514846650 0.023213582 -0.103010222 0.020766770 0.994192519 2.452728948 -11.875639106 2.138109483 
310.000000 3.528390780 4.228302770 2.640754660 0.031784090 -0.106181167 0.019089656 0.993655331 3.467873851 -12.252977739 1.828867508 
311.000000 3.563892120 4.227262230 2.626091150 0.027337336 -0.102088646 0.020048790 0.994197478 2.943122640 -11.776158184 2.006928269 
312.000000 3.585206060 4.209514440 2.622173230 0.026237219 -0.102662238 0.021094253 0.994146421 2.801533329 -11.842934198 2.140462763 
313.000000 3.662150590 4.291515730 2.595395940 0.030178036 -0.105935332 0.023014301 0.993648496 3.231882516 -12.234542299 2.307162937 
314.000000 3.823275990 4.361868660 2.605383960 0.030903214 -0.111581551 0.022403052 0.993021980 3.315366461 -12.884741469 2.210338156 
315.000000 3.914549820 4.450259740 2.623777440 0.031187804 -0.113576056 0.024507482 0.992737218 3.317371075 -13.122338526 2.446661797 
316.000000 4.045937280 4.466909490 2.664521170 0.029049300 -0.117679033 0.025456649 0.992300228 3.046623159 -13.593088084 2.575922054 
317.000000 4.159579520 4.442221090 2.785411750 0.028822586 -0.121636278 0.025973765 0.991816131 3.005001021 -14.050611970 2.629849065 
318.000000 4.237936540 4.351367670 2.894625660 0.025322703 -0.122016405 0.027474569 0.991824534 2.572104054 -14.089022648 2.855597814 
319.000000 4.361305940 4.385695140 2.979293700 0.026830661 -0.123467794 0.027885172 0.991593786 2.739641303 -14.261992136 2.878835385 
320.000000 4.491625880 4.397892500 3.049573090 0.026516303 -0.128158001 0.028286117 0.990995615 2.685883011 -14.803695743 2.920927772 
321.000000 4.565427290 4.413590710 3.065396350 0.027911392 -0.132404071 0.028467441 0.990393720 2.837435400 -15.298835907 2.911700297 
322.000000 4.600219900 4.422916660 3.092152320 0.027395225 -0.132208671 0.027627251 0.990458027 2.790360870 -15.272376658 2.821340469 
323.000000 4.546194940 4.349163330 3.017941370 0.022065766 -0.121907260 0.029506397 0.991857396 2.161115492 -14.071431981 3.141186281 
324.000000 4.636433320 4.316383880 3.013111980 0.022200638 -0.123966626 0.032647830 0.991500644 2.125069287 -14.316353661 3.504960022 
325.000000 4.681507890 4.290076470 2.990871160 0.020499903 -0.127873305 0.032940615 0.991031325 1.908704149 -14.761939593 3.560199990 
326.000000 4.714027420 4.330908350 3.056033300 0.021810691 -0.129734951 0.034565293 0.990705999 2.031729625 -14.985001006 3.729188356 
327.000000 4.839659450 4.339264490 3.116449740 0.019006208 -0.133072347 0.035726033 0.990279842 1.671961224 -15.361947201 3.906785242 
328.000000 4.903656560 4.444414940 3.138993590 0.024667522 -0.132954124 0.039861605 0.990013013 2.273131353 -15.379978102 4.304416848 
329.000000 5.070637050 4.413761320 3.146144980 0.020892202 -0.137880192 0.039602317 0.989436317 1.813001557 -15.932344650 4.330365090 
330.000000 5.086956250 4.495052790 3.108641860 0.023613324 -0.135973664 0.040250873 0.989612773 2.130838853 -15.725177949 4.363962084 
331.000000 5.109193020 4.488739620 3.109703940 0.025025548 -0.135114906 0.040191797 0.989698087 2.301610314 -15.631991755 4.335048059 
332.000000 5.117410240 4.495634050 3.149162350 0.026512181 -0.135756249 0.041732832 0.989507815 2.449264494 -15.716436035 4.491982126 
333.000000 5.173719040 4.596044400 3.157382720 0.028825628 -0.142037192 0.042570134 0.988525317 2.683232416 -16.455402692 4.543702673 
334.000000 4.942229070 4.507826960 3.126283880 0.020748243 -0.128793503 0.043562570 0.990496868 1.771815098 -14.888973853 4.805015160 
335.000000 4.917465930 4.551715790 3.188502270 0.023929645 -0.126066312 0.046013141 0.990665154 2.120725720 -14.594778122 5.046975467 
336.000000 4.960135480 4.602654070 3.224102100 0.025045628 -0.125665366 0.045713807 0.990702367 2.258064927 -14.553494637 4.995460351 
337.000000 5.004735130 4.687931190 3.266223530 0.027151385 -0.128937943 0.045228135 0.990248567 2.497935412 -14.940584198 4.902571844 
338.000000 4.980265060 4.662126060 3.308197830 0.026368584 -0.126933375 0.045592894 0.990511940 2.409394512 -14.706192644 4.959920838 
339.000000 4.962970120 4.692080980 3.396889260 0.024645211 -0.124962086 0.045618256 0.990805766 2.215754813 -14.470106794 4.990925555 
