200.000000 0.000000000 0.000000000 0.000000000 0.000000000 0.000000000 0.000000000 1.000000000
201.000000 -0.000729701 0.008866241 0.001769291 0.001606895 0.000465290 -0.000522766 0.999998464
202.000000 0.000842133 0.016944767 0.004684279 0.003255814 0.000602019 -0.000568274 0.999994357
203.000000 0.000004231 0.028686469 0.008258734 0.006349657 0.001624782 -0.000795849 0.999978204
204.000000 0.001485769 0.035329106 0.012381548 0.007239092 0.001137003 -0.000908325 0.999972738
205.000000 0.001972293 0.044067447 0.015306907 0.009482777 0.001110718 -0.001212149 0.999953686
206.000000 0.004609062 0.055870346 0.019556104 0.013498661 0.000215265 -0.001592828 0.999907597
207.000000 0.003918085 0.063652315 0.021755289 0.015150901 0.000982376 -0.001541504 0.999883548
208.000000 0.005379845 0.064516254 0.021237151 0.013691499 0.000664183 -0.002160134 0.999903713
209.000000 0.004599886 0.069843685 0.023968448 0.015161197 0.000900236 -0.002152035 0.999882341
210.000000 0.007232695 0.081222409 0.027648145 0.019423902 -0.000255475 -0.002037477 0.999809230
211.000000 0.007541536 0.087463714 0.028724297 0.020527518 0.000014734 -0.001946699 0.999787393
212.000000 0.006168135 0.093543364 0.029528290 0.022217260 0.000970684 -0.002015694 0.999750663
213.000000 0.004283350 0.106300762 0.033297581 0.026812448 0.001538069 -0.002117111 0.999637057
214.000000 -0.035060713 0.092116811 0.038008924 0.017851674 0.019384340 -0.002033198 0.999650655
215.000000 -0.044238275 0.097518187 0.042505382 0.019592346 0.022001607 -0.002201247 0.999563517
216.000000 -0.043593730 0.104482248 0.046465451 0.020679284 0.020900884 -0.001619904 0.999566354
217.000000 -0.045715658 0.111015474 0.049577571 0.021828556 0.021284087 -0.002500637 0.999532015
218.000000 -0.051723900 0.119696762 0.053300258 0.024281112 0.023039907 -0.002331360 0.999436919
219.000000 -0.050438362 0.128287100 0.059186342 0.025939357 0.021158866 -0.003483668 0.999433498
220.000000 -0.052189442 0.137373981 0.063115873 0.027823035 0.021305541 -0.002899076 0.999381583
221.000000 -0.060097610 0.142073534 0.066183368 0.027826390 0.024140104 -0.004099857 0.999312833
222.000000 -0.064076216 0.147456855 0.068725521 0.028487757 0.025153800 -0.005479088 0.999262585
223.000000 -0.066717864 0.162253390 0.072973170 0.033846628 0.025835751 -0.005903845 0.999075605
224.000000 -0.065583765 0.174290464 0.078172768 0.036842502 0.025091796 -0.005532109 0.998990704
225.000000 -0.076684842 0.201980690 0.086606149 0.048790989 0.030541711 -0.006247859 0.998322397
226.000000 -0.077109194 0.212699559 0.091532584 0.050889250 0.030063442 -0.007125719 0.998226276
227.000000 -0.078784933 0.226074692 0.096273517 0.055029687 0.030600191 -0.007331659 0.997988782
228.000000 -0.081553320 0.240986772 0.102894448 0.060219773 0.031490128 -0.008186012 0.997654720
229.000000 -0.082394107 0.249646226 0.109471967 0.061773268 0.031014267 -0.007477635 0.997580204
230.000000 -0.084759557 0.258911105 0.115368174 0.063195774 0.031881551 -0.008411483 0.997456319
231.000000 -0.089583410 0.259391218 0.118897093 0.060711950 0.033936857 -0.008991097 0.997537723
232.000000 -0.091213658 0.277328981 0.127746507 0.068482306 0.034832621 -0.010535119 0.996988402
233.000000 -0.093981301 0.291004108 0.133846233 0.072525655 0.036156551 -0.010827102 0.996652149
234.000000 -0.096386834 0.294205368 0.137433524 0.070403180 0.037516565 -0.011607026 0.996745292
235.000000 -0.084203891 0.273739017 0.141886627 0.055932526 0.029944008 -0.012709807 0.997904489
236.000000 -0.078668170 0.278115544 0.144920719 0.056899938 0.026123380 -0.012483506 0.997959983
237.000000 -0.077539558 0.287460713 0.150135952 0.059666295 0.025917461 -0.012246417 0.997806717
238.000000 -0.081952253 0.292940297 0.152491216 0.060390616 0.027963477 -0.012255531 0.997707783
239.000000 -0.082681882 0.303139186 0.156855336 0.064208669 0.027540818 -0.011243963 0.997493019
240.000000 -0.082638238 0.306119355 0.156402759 0.062460100 0.027611610 -0.009546525 0.997619767
241.000000 -0.079682546 0.317107639 0.160816447 0.067047454 0.026194686 -0.008722671 0.997367732
242.000000 -0.077648415 0.322665304 0.160822402 0.067757148 0.025038051 -0.009591114 0.997341504
243.000000 -0.075636029 0.330568542 0.161403889 0.070211215 0.023806224 -0.008562782 0.997211275
244.000000 -0.071215489 0.337820492 0.162659489 0.073585508 0.021341354 -0.009152426 0.997018532
245.000000 -0.071562439 0.342585840 0.164136307 0.073740745 0.022251622 -0.008763039 0.996990660
246.000000 -0.083223207 0.331133788 0.159712060 0.065204281 0.029096733 -0.007607782 0.997418620
247.000000 -0.081329175 0.332856886 0.161804458 0.065652435 0.027865793 -0.006738069 0.997430626
248.000000 -0.079267415 0.334274271 0.160681992 0.065492970 0.027523090 -0.006993622 0.997448866
249.000000 -0.075538820 0.339495759 0.161938519 0.066839173 0.026405068 -0.005599409 0.997398588
