0.002000 4.171530832 35.641679756 39.639193920 0.239298366 -0.038565005 0.032720670 65.792802984 3.483938299 -0.624034826 0.839163588 0.543001666 0.022567457 -0.021080188 
0.003000 4.171166778 35.641620704 39.639301434 0.127722392 -0.045061480 0.048419253 65.792915713 3.483650200 -0.623768190 0.839163174 0.543002469 0.022566589 -0.021076893 
0.004000 4.171290068 35.641610528 39.639304903 -0.035928676 -0.047558937 0.047459138 65.792952175 3.483931064 -0.623648397 0.839162953 0.543002683 0.022569208 -0.021077353 
0.005000 4.171249686 35.641526137 39.639384612 -0.184920973 -0.190748459 0.200269020 65.793075982 3.483776137 -0.623746595 0.839162387 0.543003625 0.022567585 -0.021077363 
0.006000 4.171610981 35.641201693 39.639683933 -0.127068084 -0.042585224 0.047981394 65.793590731 3.483980431 -0.624102800 0.839159832 0.543007443 0.022567299 -0.021081040 
0.007000 4.171473515 35.641427004 39.639460556 0.162030086 0.064606364 -0.073507994 65.793239783 3.483892394 -0.623987100 0.839161538 0.543004860 0.022567267 -0.021079707 
0.008000 4.171310910 35.641333763 39.639579004 0.064140073 -0.112029193 0.116740751 65.793410841 3.483564847 -0.624068495 0.839160794 0.543006163 0.022564450 -0.021078785 
0.009000 4.171303714 35.641218146 39.639699789 0.262959320 0.067251231 -0.072090097 65.793626473 3.483936756 -0.623688388 0.839159749 0.543007628 0.022568936 -0.021077806 
0.010000 4.170801127 35.641516497 39.639459552 -0.056886994 -0.008194199 0.018148396 65.793207676 3.483623523 -0.623208507 0.839161900 0.543004499 0.022568992 -0.021072725 
0.011000 4.171442174 35.641194571 39.639725335 -0.393163586 -0.241711190 0.268320166 65.793668081 3.484000708 -0.623814739 0.839159513 0.543007951 0.022568798 -0.021079042 
0.012000 4.171516331 35.641006658 39.639915218 -0.178018315 -0.162935921 0.186821553 65.793981307 3.484291197 -0.623628623 0.839157991 0.543010178 0.022571750 -0.021079117 
0.013000 4.171740992 35.640870756 39.640049578 -0.301497965 -0.125207038 0.144981675 65.794194255 3.484527234 -0.623737588 0.839156903 0.543011734 0.022572923 -0.021081074 
0.014000 4.172041064 35.640723774 39.640157447 0.139414074 0.004670508 -0.020268955 65.794386452 3.484573881 -0.624186223 0.839155898 0.543013225 0.022571104 -0.021084619 
0.015000 4.171441369 35.640892408 39.640038031 0.259706981 0.021917670 -0.035020617 65.794179174 3.484309699 -0.623519490 0.839157069 0.543011603 0.022572366 -0.021078444 
0.016000 4.171533474 35.640809082 39.640118530 -0.062554047 -0.122249067 0.137024598 65.794340704 3.484524495 -0.623440550 0.839156264 0.543012748 0.022574284 -0.021078915 
0.017000 4.171537961 35.640655282 39.640288432 -0.167706439 -0.092247710 0.117956706 65.794612011 3.484605413 -0.623355514 0.839154974 0.543014710 0.022575230 -0.021078729 
0.018000 4.171816788 35.640625244 39.640309103 -0.244176574 -0.108931266 0.129510584 65.794665718 3.484997973 -0.623401715 0.839154614 0.543015071 0.022577876 -0.021080937 
0.019000 4.171946272 35.640418873 39.640501959 0.013679958 -0.034694875 0.029082857 65.794978600 3.484955530 -0.623662928 0.839153094 0.543017419 0.022576270 -0.021082711 
0.020000 4.171754246 35.640555694 39.640373925 0.075747547 -0.028069131 0.024184629 65.794757739 3.484929579 -0.623400077 0.839154195 0.543015752 0.022577366 -0.021080619 
0.021000 4.171768777 35.640388842 39.640547004 0.054632311 -0.097007872 0.108294864 65.795072246 3.485161138 -0.623182465 0.839152687 0.543017988 0.022580035 -0.021080185 
0.022000 4.171639846 35.640385242 39.640582227 0.168494020 -0.065786303 0.077516100 65.795125105 3.485172538 -0.622948403 0.839152477 0.543018328 0.022581218 -0.021078535 
0.023000 4.171435128 35.640286527 39.640720104 -0.374222400 -0.134058165 0.154577269 65.795329210 3.485169441 -0.622638144 0.839151568 0.543019762 0.022582628 -0.021076289 
0.024000 4.172317272 35.640083844 39.640822968 -0.280402290 -0.049854794 0.066404036 65.795540235 3.485662271 -0.623517012 0.839150283 0.543021429 0.022582034 -0.021085100 
0.025000 4.171923783 35.640178576 39.640785697 -0.147205669 -0.084443283 0.102836812 65.795493559 3.485807632 -0.622767241 0.839150606 0.543020924 0.022586661 -0.021080289 
0.026000 4.172541178 35.639917022 39.640989079 -0.293014183 -0.133894521 0.158552273 65.795826040 3.486085077 -0.623455878 0.839148835 0.543023466 0.022585368 -0.021086711 
0.027000 4.172452449 35.639878210 39.641056101 0.055582384 -0.112335573 0.122839586 65.795910169 3.486078983 -0.623326205 0.839148462 0.543024057 0.022585923 -0.021085750 
0.028000 4.172429792 35.639697052 39.641245952 0.168668833 -0.196591123 0.202953731 65.796201929 3.486004921 -0.623349407 0.839147093 0.543026206 0.022585217 -0.021085626 
0.029000 4.172072001 35.639526362 39.641470972 0.252686669 -0.001678723 0.004958607 65.796580215 3.486264066 -0.622536135 0.839145386 0.543028789 0.022590899 -0.021080973 
0.030000 4.171854831 35.639762016 39.641263019 -0.404465358 -0.133666352 0.155992935 65.796249172 3.486378181 -0.622106551 0.839147005 0.543026268 0.022593832 -0.021078302 
0.031000 4.172728367 35.639250740 39.641685762 -0.500875976 -0.156522054 0.186474784 65.796983887 3.487212280 -0.622646800 0.839143217 0.543031667 0.022597246 -0.021086354 
0.032000 4.172787189 35.639396093 39.641551152 -0.126494867 -0.047438449 0.074053306 65.796722131 3.486908842 -0.623024863 0.839144463 0.543029857 0.022593280 -0.021087633 
0.033000 4.172999717 35.639145694 39.641806548 -0.193215330 -0.262522812 0.296904004 65.797160747 3.487428250 -0.622816415 0.839142294 0.543032973 0.022597991 -0.021088654 
0.034000 4.173067022 35.638893576 39.642073486 -0.227377037 -0.194663687 0.222730858 65.797607735 3.487799170 -0.622550604 0.839140132 0.543036155 0.022601885 -0.021088552 
0.035000 4.173341064 35.638762284 39.642188381 -0.210463839 -0.196297371 0.222657962 65.797797263 3.488126863 -0.622660217 0.839139132 0.543037531 0.022603731 -0.021090944 
0.036000 4.173339436 35.638515361 39.642453813 -0.198790361 -0.184784768 0.210236118 65.798231275 3.488566790 -0.622241273 0.839137043 0.543040580 0.022608859 -0.021090046 
0.037000 4.173583315 35.638419450 39.642534921 -0.316289899 -0.099210271 0.124989497 65.798380871 3.489066475 -0.622127581 0.839136231 0.543041601 0.022613030 -0.021091609 
0.038000 4.173897779 35.638306638 39.642628449 -0.389635408 -0.220622962 0.267272890 65.798531789 3.489275941 -0.622398179 0.839135414 0.543042738 0.022613254 -0.021094613 
0.039000 4.174314783 35.637958576 39.642980674 -0.300365895 -0.354752970 0.410442005 65.799117571 3.489857378 -0.622425079 0.839132488 0.543046972 0.022617277 -0.021097680 
0.040000 4.174434677 35.637591956 39.643372505 -0.250486051 -0.227699399 0.263827728 65.799723941 3.490043282 -0.622407464 0.839129572 0.543051389 0.022618611 -0.021098551 
0.041000 4.174677461 35.637518133 39.643430424 -0.601186906 -0.289666599 0.341426973 65.799866930 3.490762289 -0.622095739 0.839128773 0.543052300 0.022625328 -0.021099702 
0.042000 4.175386890 35.637005810 39.643906715 -0.322531289 -0.380105186 0.431502694 65.800647761 3.491533442 -0.622451411 0.839124815 0.543058007 0.022629147 -0.021106113 
0.043000 4.175114027 35.636781031 39.644191301 0.004588385 -0.209725100 0.232834696 65.801095409 3.491973763 -0.621585476 0.839122743 0.543061068 0.022636393 -0.021101946 
0.044000 4.175269554 35.636634351 39.644331775 -0.022389873 -0.155778156 0.168486546 65.801335873 3.492270552 -0.621532082 0.839121539 0.543062787 0.022638776 -0.021103009 
0.045000 4.175096738 35.636494938 39.644499889 -0.259197076 -0.260681623 0.299000492 65.801594768 3.492436478 -0.621088390 0.839120353 0.543064578 0.022642046 -0.021100597 
0.046000 4.175687947 35.636118746 39.644856094 -0.831692653 -0.309193501 0.383507091 65.802189758 3.493072949 -0.621363921 0.839117324 0.543068923 0.022645292 -0.021105747 
0.047000 4.176563764 35.635826949 39.645092030 -0.594459468 -0.285805929 0.342660469 65.802603935 3.493916570 -0.621899630 0.839115052 0.543071973 0.022648856 -0.021113747 
0.048000 4.176667314 35.635539770 39.645392265 -0.341526109 -0.265762299 0.309671910 65.803101816 3.494563578 -0.621418478 0.839112620 0.543075456 0.022655784 -0.021113387 
0.049000 4.177053519 35.635327043 39.645593784 -0.398807560 -0.191225043 0.241000025 65.803446065 3.495337104 -0.621256211 0.839110826 0.543077864 0.022662155 -0.021115931 
0.050000 4.177329230 35.635150439 39.645775840 -0.326311319 -0.279950142 0.317194169 65.803712642 3.495533908 -0.621490608 0.839109470 0.543079841 0.022662436 -0.021118633 
0.051000 4.177554839 35.634756355 39.646155882 -0.267173623 -0.385449411 0.424454641 65.804348795 3.496017189 -0.621385437 0.839106354 0.543084428 0.022666357 -0.021120277 
0.052000 4.177717974 35.634404712 39.646531880 -0.129298441 -0.266763848 0.307888277 65.804988578 3.496663382 -0.620941637 0.839103243 0.543088957 0.022673075 -0.021120215 
0.053000 4.177744542 35.634259221 39.646701507 -0.470455883 -0.278293568 0.326253569 65.805258823 3.496983126 -0.620658863 0.839101935 0.543090847 0.022676707 -0.021119713 
0.054000 4.178487967 35.633842411 39.647066526 -0.775611299 -0.352972117 0.424301117 65.805880157 3.497843042 -0.620972362 0.839098718 0.543095368 0.022681405 -0.021126205 
0.055000 4.179061834 35.633516432 39.647380731 -0.523702379 -0.282377556 0.348804230 65.806383973 3.498489680 -0.621231752 0.839096121 0.543099041 0.022684819 -0.021131267 
0.056000 4.179304649 35.633277071 39.647629825 -0.281092900 -0.221484617 0.268843866 65.806796509 3.499224358 -0.620905982 0.839094043 0.543101920 0.022691668 -0.021132443 
0.057000 4.179457573 35.633089874 39.647832069 -0.405449348 -0.279942450 0.323983001 65.807082177 3.499488274 -0.620878096 0.839092628 0.543103979 0.022693680 -0.021133546 
0.058000 4.179994570 35.632711648 39.648174880 -0.301481956 -0.366993985 0.407594389 65.807694581 3.500251425 -0.620935383 0.839089525 0.543108394 0.022698885 -0.021137702 
0.059000 4.179918590 35.632376599 39.648548756 -0.431072031 -0.375557051 0.429030565 65.808286713 3.500644562 -0.620413668 0.839086716 0.543112585 0.022704128 -0.021135861 
0.060000 4.180660266 35.631960924 39.648921910 -0.832582571 -0.445879285 0.530091426 65.808899395 3.501403330 -0.620837334 0.839083545 0.543117076 0.022707564 -0.021142679 
0.061000 4.181323588 35.631454792 39.649417735 -0.717466774 -0.451907317 0.533907005 65.809724004 3.502420671 -0.620840399 0.839079382 0.543123007 0.022714848 -0.021147684 
0.062000 4.181801107 35.631068340 39.649791502 -0.325105129 -0.362664662 0.418709436 65.810357776 3.503520018 -0.620513740 0.839076164 0.543127468 0.022724331 -0.021150626 
0.063000 4.181714643 35.630774657 39.650132876 -0.301059520 -0.309288300 0.356820015 65.810905660 3.503978591 -0.619930340 0.839073561 0.543131315 0.022730353 -0.021148635 
0.064000 4.182247524 35.630459777 39.650418793 -0.706608959 -0.329397872 0.395777229 65.811373859 3.504479344 -0.620256722 0.839071156 0.543134756 0.022732388 -0.021153490 
0.065000 4.183012827 35.630057502 39.650788426 -0.749217551 -0.487692349 0.563288024 65.811952516 3.505000337 -0.620902043 0.839068165 0.543139066 0.022733038 -0.021160798 
0.066000 4.183520513 35.629462727 39.651366934 -0.450574607 -0.367344017 0.422088780 65.812953818 3.506179369 -0.620524436 0.839063194 0.543146199 0.022743278 -0.021163818 
0.067000 4.183664576 35.629344902 39.651497144 -0.486790344 -0.323328507 0.389824564 65.813138601 3.506541493 -0.620408530 0.839062249 0.543147490 0.022746445 -0.021164721 
0.068000 4.184317365 35.628819916 39.652014222 -0.481356576 -0.437732814 0.518528527 65.814010257 3.507568421 -0.620369412 0.839057868 0.543153757 0.022753990 -0.021169473 
0.069000 4.184430789 35.628482447 39.652395348 -0.599255664 -0.377180358 0.446964440 65.814589479 3.508060627 -0.620062593 0.839055056 0.543157885 0.022758942 -0.021169673 
0.070000 4.185252656 35.628064578 39.652754404 -0.704700736 -0.415521473 0.479349427 65.815200757 3.509145542 -0.620290221 0.839051846 0.543162292 0.022765696 -0.021176601 
0.071000 4.185537584 35.627659017 39.653163628 -0.523686952 -0.463134755 0.521636621 65.815891681 3.510069118 -0.619815337 0.839048427 0.543167159 0.022774583 -0.021177637 
0.072000 4.186025237 35.627157100 39.653646157 -0.338012035 -0.252457976 0.305034676 65.816711371 3.510831434 -0.619834040 0.839044348 0.543173084 0.022779926 -0.021181548 
0.073000 4.186035044 35.627162713 39.653679629 -0.388052432 -0.338005272 0.404304443 65.816717294 3.511094558 -0.619594341 0.839044298 0.543173052 0.022782988 -0.021181041 
0.074000 4.186648419 35.626507827 39.654325501 -0.701561622 -0.485363523 0.568285905 65.817837261 3.512337281 -0.619261049 0.839038740 0.543181055 0.022793462 -0.021184711 
0.075000 4.187236986 35.626180349 39.654639190 -0.908262488 -0.477545775 0.567110790 65.818302567 3.512842741 -0.619680198 0.839036331 0.543184492 0.022795091 -0.021190267 
0.076000 4.188161921 35.625509992 39.655262239 -0.691370424 -0.501297101 0.582421714 65.819359442 3.514090744 -0.619909871 0.839030966 0.543192144 0.022802947 -0.021198072 
0.077000 4.188300012 35.625185598 39.655618309 -0.432085572 -0.451409884 0.523891401 65.819914869 3.514805903 -0.619410665 0.839028247 0.543196035 0.022810448 -0.021197915 
0.078000 4.188797104 35.624638577 39.656168581 -0.552874962 -0.376568655 0.438848440 65.820831282 3.515753580 -0.619229790 0.839023699 0.543202609 0.022818076 -0.021201264 
0.079000 4.189182986 35.624434284 39.656349666 -0.480051410 -0.364909393 0.416662972 65.821118711 3.516323193 -0.619281147 0.839022184 0.543204663 0.022821951 -0.021204396 
0.080000 4.189548483 35.623918836 39.656867119 -0.481731751 -0.529854865 0.593927479 65.821982661 3.517205914 -0.618955942 0.839017928 0.543210831 0.022829797 -0.021206369 
