0.001000 4.171619276 35.641689508 39.639177423 0.113421165 -0.003450792 -0.004608432 65.792793695 3.484196106 -0.623917596 0.839163589 0.543001548 0.022569903 -0.021080549 0.000000000 0.000000000 0.000000000 0.000000000 0.000000000 20.000000000 1.476790000 -3.074520000 2.305640000 -174.207206305 3.484196106 -0.623917596 0.050671340 -0.998237760 0.006971339 0.030086383 
0.002000 4.171765955 35.641672077 39.639188775 0.179936430 -0.031411136 0.027312239 65.792791829 3.484385216 -0.623838521 0.839163565 0.543001499 0.022571663 -0.021080865 0.000000000 0.000000000 0.000000000 0.000000000 0.000000000 20.000000000 1.476741880 -3.074519866 2.305634131 -174.207299325 3.484390105 -0.624085653 0.050670581 -0.998237739 0.006972864 0.030088005 
0.003000 4.171913655 35.641633560 39.639226006 0.114897328 -0.044375610 0.045038755 65.718062955 3.474895284 -0.613712257 0.839521707 0.542453131 0.022563801 -0.020947053 0.000000000 0.000000000 0.000000000 0.000000000 0.000000000 20.000000000 1.477303204 -3.073791250 2.293550341 -174.207780922 3.484627350 -0.624275171 0.050666443 -0.998237877 0.006974493 0.030090017 
0.004000 4.171953273 35.641569358 39.639289166 -0.032664086 -0.083164757 0.085837863 65.768804495 3.510148925 -0.651012443 0.839265737 0.542828511 0.022636086 -0.021397142 0.000000000 0.000000000 0.000000000 0.000000000 0.000000000 20.000000000 1.449988395 -3.074035363 2.275159283 -174.207311189 3.484719131 -0.624100561 0.050670492 -0.998237655 0.006973135 0.030090865 
0.005000 4.171868739 35.641468558 39.639390027 -0.133965108 -0.118335897 0.122930051 65.836662693 3.527345636 -0.669423370 0.838936346 0.543327267 0.022662046 -0.021626824 0.000000000 0.000000000 0.000000000 0.000000000 0.000000000 20.000000000 1.437653687 -3.074340999 2.267026203 -174.206774770 3.484707248 -0.623934997 0.050675121 -0.998237431 0.006971829 0.030090802 
0.006000 4.171768283 35.641382790 39.639478548 -0.069705542 -0.053336300 0.054484350 65.841376441 3.507565678 -0.648668717 0.838922877 0.543359723 0.022614728 -0.021382073 0.000000000 0.000000000 0.000000000 0.000000000 0.000000000 20.000000000 1.452618752 -3.074431620 2.273576890 -174.206416886 3.484599089 -0.624070578 0.050678271 -0.998237294 0.006973056 0.030089778 
0.007000 4.171766448 35.641352578 39.639506334 0.064936703 -0.006886954 0.003047928 65.852244785 3.500392689 -0.641216736 0.838874524 0.543438562 0.022595518 -0.021295666 0.000000000 0.000000000 0.000000000 0.000000000 0.000000000 20.000000000 1.455420050 -3.074527422 2.274602210 -174.206060351 3.484482666 -0.624199951 0.050681407 -0.998237159 0.006974226 0.030088685 
0.009000 4.171868064 35.641336493 39.639528000 0.137989816 -0.023788520 0.021915581 65.748851966 3.504756591 -0.645456938 0.839362630 0.542681832 0.022626614 -0.021326984 0.000000000 0.000000000 0.000000000 0.000000000 0.000000000 20.000000000 1.491193584 -3.073793236 2.284499256 -174.206995959 3.484666079 -0.624305975 0.050673290 -0.998237518 0.006974984 0.030090293 
0.010000 4.171868141 35.641332296 39.639533314 0.137998757 -0.024419346 0.022638387 65.657992179 3.504738536 -0.647257696 0.839792329 0.542016488 0.022634868 -0.021322148 0.000000000 0.000000000 0.000000000 0.000000000 0.000000000 20.000000000 1.491190360 -3.074754794 2.298077724 -174.207546551 3.484675575 -0.624300589 0.050668493 -0.998237759 0.006974797 0.030090411 
0.010000 4.171868141 35.641332296 39.639533314 0.137998757 -0.024419346 0.022638387 65.657992179 3.504738536 -0.647257696 0.839792329 0.542016488 0.022634868 -0.021322148 0.000000000 0.000000000 0.000000000 0.000000000 0.000000000 20.000000000 1.491190360 -3.074754794 2.298077724 -174.207546551 3.484675575 -0.624300589 0.050668493 -0.998237759 0.006974797 0.030090411 
0.011000 4.171908876 35.641250128 39.639619851 -0.056310964 -0.139985298 0.150272616 65.657700208 3.505479480 -0.647959256 0.839793394 0.542014410 0.022637035 -0.021330735 0.000000000 0.000000000 0.000000000 0.000000000 0.000000000 20.000000000 1.490175434 -3.074576091 2.298176040 -174.207718846 3.484816090 -0.623583233 0.050666809 -0.998237841 0.006968564 0.030091963 
0.013000 4.171847626 35.641104751 39.639778768 -0.063813392 -0.149430260 0.162103869 65.631465557 3.515644962 -0.660736920 0.839912517 0.541823611 0.022656027 -0.021467247 0.000000000 0.000000000 0.000000000 0.000000000 0.000000000 20.000000000 1.514799842 -3.074301654 2.315146348 -174.208316783 3.484764479 -0.622640695 0.050661350 -0.998238177 0.006960174 0.030091967 
0.014000 4.171847503 35.641104093 39.639780275 -0.063830669 -0.149423980 0.162338265 65.614735980 3.517393258 -0.664945354 0.839990380 0.541701637 0.022652085 -0.021503048 0.000000000 0.000000000 0.000000000 0.000000000 0.000000000 20.000000000 1.514833696 -3.074729696 2.322956872 -174.209704075 3.484999495 -0.622330887 0.050649192 -0.998238746 0.006957214 0.030094235 
0.014000 4.171847503 35.641104093 39.639780275 -0.063830669 -0.149423980 0.162338265 65.614735980 3.517393258 -0.664945354 0.839990380 0.541701637 0.022652085 -0.021503048 0.000000000 0.000000000 0.000000000 0.000000000 0.000000000 20.000000000 1.514833696 -3.074729696 2.322956872 -174.209704075 3.484999495 -0.622330887 0.050649192 -0.998238746 0.006957214 0.030094235 
0.015000 4.171828554 35.640957225 39.639939743 0.025970927 -0.144433118 0.156591505 65.614743615 3.516291284 -0.666177408 0.839990391 0.541702049 0.022638180 -0.021506874 0.000000000 0.000000000 0.000000000 0.000000000 0.000000000 20.000000000 1.511274781 -3.074654892 2.323181537 -174.209624432 3.487074547 -0.623125818 0.050650165 -0.998238107 0.006965071 0.030111956 
0.016000 4.171776554 35.640784886 39.640132072 -0.131314195 -0.204278200 0.234060616 65.644465096 3.511205405 -0.664339221 0.839851490 0.541920057 0.022604011 -0.021475235 0.000000000 0.000000000 0.000000000 0.000000000 0.000000000 20.000000000 1.521763346 -3.074916384 2.330282464 -174.207363070 3.487126087 -0.623912523 0.050670073 -0.998237046 0.006972541 0.030111919 
0.018000 4.171569986 35.640568039 39.640375474 -0.283509620 -0.229698614 0.269482313 65.708195575 3.487938336 -0.636283477 0.839561025 0.542383928 0.022554353 -0.021172183 0.000000000 0.000000000 0.000000000 0.000000000 0.000000000 20.000000000 1.441002070 -3.075367077 2.298072473 -174.205459466 3.486627773 -0.624890197 0.050686896 -0.998236278 0.006981339 0.030107030 
0.019000 4.171569865 35.640567297 39.640373438 -0.283530279 -0.229843492 0.269229448 65.720875620 3.480298654 -0.629353877 0.839504182 0.542476253 0.022528834 -0.021087765 0.000000000 0.000000000 0.000000000 0.000000000 0.000000000 20.000000000 1.440834760 -3.074459938 2.284458216 -174.204832793 3.486511740 -0.625433528 0.050692493 -0.998235999 0.006986186 0.030105741 
0.019000 4.171569865 35.640567297 39.640373438 -0.283530279 -0.229843492 0.269229448 65.720875620 3.480298654 -0.629353877 0.839504182 0.542476253 0.022528834 -0.021087765 0.000000000 0.000000000 0.000000000 0.000000000 0.000000000 20.000000000 1.440834760 -3.074459938 2.284458216 -174.204832793 3.486511740 -0.625433528 0.050692493 -0.998235999 0.006986186 0.030105741 
0.020000 4.171331440 35.640339781 39.640639393 -0.193310329 -0.225215780 0.262700966 65.720930942 3.480567337 -0.629513571 0.839503824 0.542476662 0.022530037 -0.021090217 0.000000000 0.000000000 0.000000000 0.000000000 0.000000000 20.000000000 1.443570602 -3.074627441 2.284537252 -174.204636202 3.486096581 -0.624147042 0.050693854 -0.998236101 0.006974848 0.030102681 
0.022000 4.171163125 35.640123095 39.640866699 -0.159515882 -0.249916928 0.291013068 66.074264810 3.391783779 -0.576378567 0.837858471 0.545061545 0.022068360 -0.020348987 0.000000000 0.000000000 0.000000000 0.000000000 0.000000000 20.000000000 1.385406263 -3.077316118 2.256739740 -174.203616958 3.485993525 -0.624603695 0.050702849 -0.998235650 0.006979049 0.030101519 
0.022000 4.171163125 35.640123095 39.640866699 -0.159515882 -0.249916928 0.291013068 66.074264810 3.391783779 -0.576378567 0.837858471 0.545061545 0.022068360 -0.020348987 0.000000000 0.000000000 0.000000000 0.000000000 0.000000000 20.000000000 1.385406263 -3.077316118 2.256739740 -174.203616958 3.485993525 -0.624603695 0.050702849 -0.998235650 0.006979049 0.030101519 
0.023000 4.170893939 35.639870315 39.641162507 -0.378965468 -0.255360160 0.299446110 66.073761777 3.390716740 -0.576584221 0.837861084 0.545058018 0.022059668 -0.020345321 0.000000000 0.000000000 0.000000000 0.000000000 0.000000000 20.000000000 1.391166613 -3.076488344 2.256112859 -174.204277124 3.486769673 -0.625531698 0.050697369 -0.998235678 0.006987300 0.030107910 
0.024000 4.170488326 35.639630290 39.641451878 -0.434303771 -0.238499771 0.283686516 66.073978276 3.403163064 -0.574503558 0.837857428 0.545057901 0.022160548 -0.020389323 0.000000000 0.000000000 0.000000000 0.000000000 0.000000000 20.000000000 1.313368600 -3.077387096 2.212744085 -174.203999839 3.486057729 -0.624380468 0.050699457 -0.998235816 0.006977032 0.030102201 
0.026000 4.170088684 35.639421031 39.641681205 -0.380380824 -0.246106868 0.289248744 66.404703240 3.343244520 -0.539018391 0.836301355 0.547473285 0.021833775 -0.019908083 0.000000000 0.000000000 0.000000000 0.000000000 0.000000000 20.000000000 1.282609797 -3.079704614 2.215892782 -174.202958291 3.485806697 -0.624340437 0.050708512 -0.998235424 0.006976846 0.030099968 
0.027000 4.170090654 35.639426285 39.641671229 -0.380287201 -0.245956675 0.288480271 66.455715046 3.331579842 -0.531674513 0.836061571 0.547845349 0.021774900 -0.019808475 0.000000000 0.000000000 0.000000000 0.000000000 0.000000000 20.000000000 1.282562283 -3.077297733 2.212168423 -174.202323453 3.485798160 -0.624516375 0.050714088 -0.998235135 0.006978542 0.030099777 
0.027000 4.170090654 35.639426285 39.641671229 -0.380287201 -0.245956675 0.288480271 66.455715046 3.331579842 -0.531674513 0.836061571 0.547845349 0.021774900 -0.019808475 0.000000000 0.000000000 0.000000000 0.000000000 0.000000000 20.000000000 1.282562283 -3.077297733 2.212168423 -174.202323453 3.485798160 -0.624516375 0.050714088 -0.998235135 0.006978542 0.030099777 
0.028000 4.169792448 35.639186028 39.641951379 -0.215577526 -0.233634038 0.270739659 66.457026480 3.330616504 -0.535144844 0.836054927 0.547855678 0.021751052 -0.019829440 0.000000000 0.000000000 0.000000000 0.000000000 0.000000000 20.000000000 1.298646621 -3.076470664 2.210977331 -174.201767256 3.486835458 -0.624152311 0.050718872 -0.998234633 0.006975973 0.030108941 
0.030000 4.169531781 35.638968641 39.642218227 -0.309420273 -0.189945181 0.230808986 66.338544341 3.311269430 -0.531176243 0.836626145 0.546992212 0.021649211 -0.019685653 0.000000000 0.000000000 0.000000000 0.000000000 0.000000000 20.000000000 1.199150803 -3.075938253 2.151587774 -174.203476940 3.486872730 -0.624656442 0.050704113 -0.998235349 0.006979931 0.030109147 
0.030000 4.169531781 35.638968641 39.642218227 -0.309420273 -0.189945181 0.230808986 66.338544341 3.311269430 -0.531176243 0.836626145 0.546992212 0.021649211 -0.019685653 0.000000000 0.000000000 0.000000000 0.000000000 0.000000000 20.000000000 1.199150803 -3.075938253 2.151587774 -174.203476940 3.486872730 -0.624656442 0.050704113 -0.998235349 0.006979931 0.030109147 
0.031000 4.169161967 35.638770648 39.642462409 -0.428424926 -0.207425664 0.255218368 66.336695832 3.309523705 -0.529412448 0.836635678 0.546978565 0.021645199 -0.019664096 0.000000000 0.000000000 0.000000000 0.000000000 0.000000000 20.000000000 1.217318837 -3.075696147 2.150723343 -174.203967037 3.486311561 -0.624966391 0.050699906 -0.998235698 0.006982256 0.030104151 
0.032000 4.168814918 35.638562882 39.642724040 -0.281585196 -0.212202344 0.262965972 66.334198552 3.329473693 -0.522635689 0.836644105 0.546956957 0.021823657 -0.019709332 0.000000000 0.000000000 0.000000000 0.000000000 0.000000000 20.000000000 1.165435818 -3.076439818 2.125771761 -174.203757619 3.485664003 -0.623808518 0.050701404 -0.998235849 0.006971940 0.030099009 
0.033000 4.168562912 35.638321589 39.643016823 -0.229796571 -0.275973749 0.327151225 66.349281844 3.333532221 -0.515441568 0.836572390 0.547065276 0.021885042 -0.019679051 0.000000000 0.000000000 0.000000000 0.000000000 0.000000000 20.000000000 1.159872496 -3.076582999 2.127832017 -174.202770045 3.485130296 -0.623518294 0.050709912 -0.998235572 0.006969436 0.030094428 
0.034000 4.168320209 35.638035025 39.643352009 -0.259276332 -0.296484337 0.345402257 66.354572344 3.328228355 -0.510541991 0.836549212 0.547103525 0.021868799 -0.019618981 0.000000000 0.000000000 0.000000000 0.000000000 0.000000000 20.000000000 1.150138555 -3.076712719 2.128516950 -174.201516082 3.484388005 -0.624764839 0.050721138 -0.998235140 0.006980298 0.030087334 
0.036000 4.168066012 35.637749448 39.643683047 -0.256261671 -0.277250286 0.323700656 66.365852198 3.315429720 -0.498612171 0.836500367 0.547184955 0.021830391 -0.019472957 0.000000000 0.000000000 0.000000000 0.000000000 0.000000000 20.000000000 1.037502921 -3.079072072 2.137310790 -174.199406663 3.483274271 -0.627914827 0.050740303 -0.998234311 0.007007802 0.030076108 
0.037000 4.168067209 35.637749975 39.643680638 -0.256208324 -0.277254128 0.323578982 66.372133499 3.314534146 -0.496077666 0.836471010 0.547230419 0.021834888 -0.019451378 0.000000000 0.000000000 0.000000000 0.000000000 0.000000000 20.000000000 1.037667840 -3.076233631 2.090301355 -174.196127592 3.482312309 -0.629020535 0.050769124 -0.998233048 0.007017872 0.030067038 
0.037000 4.168067209 35.637749975 39.643680638 -0.256208324 -0.277254128 0.323578982 66.372133499 3.314534146 -0.496077666 0.836471010 0.547230419 0.021834888 -0.019451378 0.000000000 0.000000000 0.000000000 0.000000000 0.000000000 20.000000000 1.037667840 -3.076233631 2.090301355 -174.196127592 3.482312309 -0.629020535 0.050769124 -0.998233048 0.007017872 0.030067038 
0.038000 4.167788949 35.637436551 39.644046847 -0.300081178 -0.350997043 0.408345156 66.372616311 3.316121025 -0.494514990 0.836468601 0.547233476 0.021853854 -0.019447638 0.000000000 0.000000000 0.000000000 0.000000000 0.000000000 20.000000000 1.075698321 -3.076145886 2.088960178 -174.195508698 3.476946651 -0.626332758 0.050773627 -0.998234371 0.006992258 0.030021449 
0.039000 4.167505946 35.637051611 39.644489883 -0.261521765 -0.417375934 0.478240531 66.382542898 3.314965314 -0.494924377 0.836421392 0.547306135 0.021841777 -0.019447002 0.000000000 0.000000000 0.000000000 0.000000000 0.000000000 20.000000000 1.002219449 -3.077067531 2.046260641 -174.187714599 3.477349653 -0.626253861 0.050841516 -0.998230813 0.006993791 0.030024519 
0.040000 4.167218300 35.636638193 39.644972079 -0.302161828 -0.402603402 0.460860553 66.339719645 3.319176689 -0.509670619 0.836622376 0.546995885 0.021809405 -0.019566594 0.000000000 0.000000000 0.000000000 0.000000000 0.000000000 20.000000000 0.963996458 -3.077407310 2.053698094 -174.195873275 3.479276940 -0.623603303 0.050769815 -0.998234077 0.006969412 0.030042980 
0.041000 4.166871409 35.636226072 39.645442463 -0.395339175 -0.424794355 0.484896588 66.346166564 3.316538193 -0.503167527 0.836593323 0.547041994 0.021820083 -0.019507753 0.000000000 0.000000000 0.000000000 0.000000000 0.000000000 20.000000000 0.970792600 -3.077545301 2.062221494 -174.191590285 3.475526874 -0.627138072 0.050807924 -0.998232964 0.006999675 0.030008484 
0.043000 4.166563987 35.635809767 39.645885727 -0.261055092 -0.443643388 0.497061089 66.523806254 3.288548689 -0.436727678 0.835761880 0.548328579 0.021903570 -0.018923103 0.000000000 0.000000000 0.000000000 0.000000000 0.000000000 20.000000000 0.824224828 -3.082458133 2.066825479 -174.176300211 3.471029068 -0.631774694 0.050942177 -0.998227090 0.007042083 0.029966307 
0.044000 4.166570394 35.635814982 39.645868642 -0.260764908 -0.443956634 0.496080554 66.587171871 3.283033493 -0.414380359 0.835463469 0.548786978 0.021959910 -0.018745879 0.000000000 0.000000000 0.000000000 0.000000000 0.000000000 20.000000000 0.824371561 -3.076595315 2.012822639 -174.161441755 3.466954468 -0.635602775 0.051072470 -0.998221326 0.007077511 0.029928192 
0.044000 4.166570394 35.635814982 39.645868642 -0.260764908 -0.443956634 0.496080554 66.587171871 3.283033493 -0.414380359 0.835463469 0.548786978 0.021959910 -0.018745879 0.000000000 0.000000000 0.000000000 0.000000000 0.000000000 20.000000000 0.824371561 -3.076595315 2.012822639 -174.161441755 3.466954468 -0.635602775 0.051072470 -0.998221326 0.007077511 0.029928192 
0.045000 4.166178182 35.635342129 39.646397502 -0.529003917 -0.496844973 0.564651630 66.586564528 3.289247672 -0.411978082 0.835465363 0.548781399 0.022016827 -0.018757999 0.000000000 0.000000000 0.000000000 0.000000000 0.000000000 20.000000000 0.880749141 -3.076627724 2.010813028 -174.163974711 3.448500233 -0.620365095 0.051045802 -0.998228283 0.006935944 0.029774376 
0.046000 4.165524829 35.634820274 39.647005766 -0.814237980 -0.543108221 0.628812376 66.569224302 3.336065007 -0.410982361 0.835537884 0.548649520 0.022365847 -0.018971492 0.000000000 0.000000000 0.000000000 0.000000000 0.000000000 20.000000000 1.116220864 -3.074413930 2.177660610 -174.172121698 3.434919114 -0.597320778 0.050968407 -0.998236870 0.006727079 0.029666810 
0.047000 4.164750295 35.634235981 39.647748368 -0.773957679 -0.537187797 0.629000932 66.237456753 3.425669519 -0.412315888 0.837101764 0.546218173 0.023068991 -0.019343379 0.000000000 0.000000000 0.000000000 0.000000000 0.000000000 20.000000000 1.979342761 -3.043439020 2.208197325 -174.204221884 3.430034902 -0.588667079 0.050686378 -0.998252899 0.006641235 0.029629972 
0.048000 4.164036519 35.633610973 39.648604341 -0.601606697 -0.500127299 0.600036591 65.583621283 3.645791819 -0.449146645 0.840144616 0.541414634 0.024619124 -0.020521140 0.000000000 0.000000000 0.000000000 0.000000000 0.000000000 20.000000000 3.186157539 -3.003894570 2.240338520 -174.237464195 3.425214597 -0.577363854 0.050393717 -0.998269477 0.006532064 0.029594875 
0.049000 4.163357771 35.633117354 39.649607836 -0.549809402 -0.474317378 0.596761871 64.964633927 4.148916412 -0.680066713 0.842874174 0.536859095 0.027349669 -0.024442472 0.000000000 0.000000000 0.000000000 0.000000000 0.000000000 20.000000000 4.791503039 -2.955420935 2.295519965 -174.269237176 3.421260155 -0.546459653 0.050108827 -0.998286172 0.006252911 0.029575750 
0.051000 4.162780806 35.632893418 39.650555514 -0.518198978 -0.519591493 0.646368308 65.574662417 3.664468410 -0.864275047 0.840102059 0.541432807 0.022796404 -0.023650981 0.000000000 0.000000000 0.000000000 0.000000000 0.000000000 20.000000000 9.157229255 -2.862399948 2.691655453 -174.212815698 3.458597964 -0.576796897 0.050609318 -0.998249835 0.006548146 0.029884540 
0.052000 4.162738249 35.633002513 39.650583840 -0.520721274 -0.514008166 0.647442428 65.559845481 3.683666442 -1.125971123 0.840110458 0.541373308 0.021703971 -0.025657305 0.000000000 0.000000000 0.000000000 0.000000000 0.000000000 20.000000000 9.154295885 -2.948748661 3.167552659 -174.211861600 3.477463267 -0.563843877 0.050614808 -0.998245131 0.006443840 0.030054552 
0.053000 4.162662835 35.633201639 39.650856819 -0.524479977 -0.504189590 0.656525630 65.267871938 3.642193658 -1.394078088 0.841437032 0.539282982 0.020202909 -0.027375716 0.000000000 0.000000000 0.000000000 0.000000000 0.000000000 20.000000000 9.149955497 -2.968910946 3.163212271 -174.226768326 3.491428887 -0.558316716 0.050483907 -0.998248286 0.006397898 0.030179487 
0.053000 4.162662835 35.633201639 39.650856819 -0.524479977 -0.504189590 0.656525630 65.267871938 3.642193658 -1.394078088 0.841437032 0.539282982 0.020202909 -0.027375716 0.000000000 0.000000000 0.000000000 0.000000000 0.000000000 20.000000000 9.149955497 -2.968910946 3.163212271 -174.226768326 3.491428887 -0.558316716 0.050483907 -0.998248286 0.006397898 0.030179487 
0.054000 4.161976739 35.632719749 39.651557457 -0.700798145 -0.524855683 0.692969477 65.423120259 3.730972025 -1.353496585 0.840689383 0.540409517 0.021008828 -0.027523515 0.000000000 0.000000000 0.000000000 0.000000000 0.000000000 20.000000000 8.293458736 -3.002399960 3.237950371 -174.194839008 3.474976300 -0.546095854 0.050758372 -0.998239251 0.006292602 0.030039792 
0.055000 4.161422517 35.633166461 39.651969555 -0.587502340 -0.460710093 0.659023855 65.586741405 4.290309351 -1.982287609 0.839563797 0.541694705 0.022098965 -0.034801047 0.000000000 0.000000000 0.000000000 0.000000000 0.000000000 20.000000000 10.184559132 -2.989780750 4.543348071 -174.182548691 3.486356988 -0.508522656 0.050855871 -0.998232777 0.005973538 0.030154934 
0.056000 4.161065191 35.633181006 39.653508818 -0.421424531 -0.416222623 0.653090640 64.584544074 5.589384661 -1.782858366 0.843821071 0.534179594 0.032909503 -0.039180685 0.000000000 0.000000000 0.000000000 0.000000000 0.000000000 20.000000000 13.191788113 -2.912648406 4.199181924 -174.213336011 3.458698415 -0.474530501 0.050578097 -0.998255484 0.005657171 0.029930595 
0.057000 4.160555099 35.633158457 39.655272596 -0.391611814 -0.438237639 0.724570096 63.492340447 6.756876339 -1.602371567 0.848392929 0.525892048 0.042764629 -0.042873972 0.000000000 0.000000000 0.000000000 0.000000000 0.000000000 20.000000000 18.694174995 -2.858160047 4.400007614 -174.260222147 3.424224712 -0.433684937 0.050158291 -0.998287123 0.005274072 0.029650462 
0.059000 4.159772790 35.633368884 39.655988905 -0.441049628 -0.478029930 0.746556063 65.027103172 2.949775147 -2.616431957 0.842449388 0.537676476 0.009431546 -0.033076906 0.000000000 0.000000000 0.000000000 0.000000000 0.000000000 20.000000000 26.407728048 -2.836856115 5.001446953 -174.211070031 3.509155150 -0.515143269 0.050609742 -0.998238948 0.006033721 0.030352101 
0.060000 4.159734383 35.633679943 39.655872857 -0.448233454 -0.464762390 0.740186195 65.062958919 2.550825047 -3.267429616 0.842203363 0.537946147 0.003430531 -0.035995407 0.000000000 0.000000000 0.000000000 0.000000000 0.000000000 20.000000000 26.407609197 -2.916565472 5.780434447 -174.208425348 3.539515143 -0.515560064 0.050633669 -0.998229561 0.006051394 0.030616254 
0.060000 4.159734383 35.633679943 39.655872857 -0.448233454 -0.464762390 0.740186195 65.062958919 2.550825047 -3.267429616 0.842203363 0.537946147 0.003430531 -0.035995407 0.000000000 0.000000000 0.000000000 0.000000000 0.000000000 20.000000000 26.407609197 -2.916565472 5.780434447 -174.208425348 3.539515143 -0.515560064 0.050633669 -0.998229561 0.006051394 0.030616254 
0.061000 4.159077696 35.633181312 39.654838630 -0.395355926 -0.477410653 0.691796689 67.074825974 3.370074850 -3.467095262 0.832292017 0.552731183 0.007792607 -0.041442880 0.000000000 0.000000000 0.000000000 0.000000000 0.000000000 20.000000000 24.279518017 -2.910292980 5.892147509 -174.153343584 3.532860040 -0.493180532 0.051107354 -0.998208075 0.005868210 0.030565350 
0.062000 4.158683493 35.633166902 39.654089212 -0.149575496 -0.430811487 0.594263920 69.100927674 6.332233845 -3.739545186 0.820909949 0.567448943 0.026989486 -0.058138806 0.000000000 0.000000000 0.000000000 0.000000000 0.000000000 20.000000000 26.295632520 -2.918542719 7.100654733 -174.111749375 3.511132301 -0.441767912 0.051455530 -0.998197853 0.005421744 0.030397037 
0.063000 4.159346045 35.633069732 39.654021578 -0.100826287 -0.386181017 0.534206428 70.211677879 9.517659168 -1.880240709 0.814378383 0.574142572 0.058457945 -0.061080480 0.000000000 0.000000000 0.000000000 0.000000000 0.000000000 20.000000000 29.994607423 -2.940535571 6.400114224 -174.087139515 3.435565785 -0.391132872 0.051655251 -0.998209155 0.004953271 0.029760439 
0.064000 4.162827406 35.632206237 39.654196224 -0.220387375 -0.451130756 0.570934438 71.697763836 7.057497727 0.849376872 0.809272626 0.584153207 0.054221040 -0.030048727 0.000000000 0.000000000 0.000000000 0.000000000 0.000000000 20.000000000 36.393727717 -3.055713362 6.129713694 -174.057789641 3.389841578 -0.499507607 0.051937917 -0.998202709 0.005884312 0.029311756 
0.065000 4.167740755 35.627996454 39.659717928 -0.132479013 -0.622335963 0.737425319 69.799709163 6.190196660 4.847027650 0.819530746 0.568925669 0.068401449 0.003765805 0.000000000 0.000000000 0.000000000 0.000000000 0.000000000 20.000000000 39.533359895 -3.003326657 5.671565619 -174.111803712 3.319367601 -0.552184816 0.051478834 -0.998242405 0.006297887 0.028676940 
0.066000 4.174283813 35.619672349 39.661904040 0.136121116 -0.744884140 0.729771777 66.131451512 3.693522370 7.592578226 0.836936182 0.542332664 0.063053057 0.037913337 0.000000000 0.000000000 0.000000000 0.000000000 0.000000000 20.000000000 40.673537796 -2.918447962 5.306392259 -174.191544926 3.294329011 -0.619665377 0.050800192 -0.998280472 0.006854762 0.028433275 
0.067000 4.177250067 35.609135873 39.660703222 0.219070269 -0.903551936 0.653261974 62.794579430 -2.288812731 6.422997030 0.851482038 0.521002397 0.012158736 0.058197991 0.000000000 0.000000000 0.000000000 0.000000000 0.000000000 20.000000000 40.438491985 -2.896157432 4.891650852 -174.245720237 3.356794242 -0.688026535 0.050347659 -0.998284157 0.007464125 0.028950674 
0.068000 4.175048230 35.597782947 39.655339577 0.092917864 -1.160230630 0.523286950 65.096950181 -9.027957631 5.068574916 0.837627739 0.538752980 -0.042560519 0.079458168 0.000000000 0.000000000 0.000000000 0.000000000 0.000000000 20.000000000 38.183065765 -3.143465283 4.469663052 -174.222578210 3.413169838 -0.747800218 0.050566830 -0.998255263 0.008015381 0.029413919 
0.069000 4.173017994 35.589234430 39.643002577 -0.045849636 -1.375100445 0.192926807 70.309433456 -14.389946039 7.686965826 0.804503837 0.576831658 -0.063879303 0.126325966 0.000000000 0.000000000 0.000000000 0.000000000 0.000000000 20.000000000 34.888240090 -3.382485851 3.641029309 -174.169659257 3.415317365 -0.804609932 0.051042501 -0.998227137 0.008524793 0.029403621 
0.071000 4.179638059 35.573984909 39.633606527 0.135406588 -1.815053459 -0.005234192 76.551239298 -11.648620672 21.890147709 0.754845860 0.620163302 0.038790081 0.210001278 0.000000000 0.000000000 0.000000000 0.000000000 0.000000000 20.000000000 26.725365566 -3.811055840 1.336505101 -174.073338693 3.276218310 -0.831929676 0.051881590 -0.998217658 0.008725014 0.028172366 
0.072000 4.182018975 35.572343487 39.640826221 0.162765644 -1.815907005 0.137488332 72.822770641 -13.348880489 19.892557632 0.775391549 0.596851140 0.009699514 0.206015975 0.000000000 0.000000000 0.000000000 0.000000000 0.000000000 20.000000000 26.726619834 -3.421765641 0.281243005 -174.201313421 3.350164108 -0.858746714 0.050777236 -0.998254039 0.008959651 0.028814403 
0.073000 4.197690642 35.571124868 39.651047859 0.500182717 -1.864351227 0.357217558 69.649971153 -12.456586675 25.039955273 0.783218747 0.573507563 0.036124308 0.237386823 0.000000000 0.000000000 0.000000000 0.000000000 0.000000000 20.000000000 26.726351155 -3.366081404 0.280974326 -174.244677831 3.248003433 -0.885141362 0.050400517 -0.998297071 0.009134145 0.027916172 
0.073000 4.197690642 35.571124868 39.651047859 0.500182717 -1.864351227 0.357217558 69.649971153 -12.456586675 25.039955273 0.783218747 0.573507563 0.036124308 0.237386823 0.000000000 0.000000000 0.000000000 0.000000000 0.000000000 20.000000000 26.726351155 -3.366081404 0.280974326 -174.244677831 3.248003433 -0.885141362 0.050400517 -0.998297071 0.009134145 0.027916172 
0.074000 4.183922954 35.559749680 39.658517199 0.151234219 -2.271797660 0.665781821 67.847292974 -1.448366464 30.942504432 0.797768907 0.540619655 0.138753059 0.228128798 0.000000000 0.000000000 0.000000000 0.000000000 0.000000000 20.000000000 26.101298962 -3.409415561 -0.052710795 -174.254299530 3.094962828 -0.777985423 0.050283368 -0.998346767 0.008131615 0.026630655 
0.075000 4.117956128 35.551022607 39.675004137 -1.250358937 -2.392983940 1.107547365 80.069154458 11.180377208 19.337787181 0.761714528 0.618569742 0.181047693 0.066213178 0.000000000 0.000000000 0.000000000 0.000000000 0.000000000 20.000000000 24.582953002 -3.724315549 -0.846590126 -174.107257991 3.157876808 -0.609500429 0.051527334 -0.998277243 0.006726120 0.027244080 
0.076000 4.116611023 35.546589595 39.677860593 -1.170907588 -2.354319823 1.116528937 77.584051831 10.164570660 17.225876235 0.775916958 0.606654512 0.161721964 0.061393682 0.000000000 0.000000000 0.000000000 0.000000000 0.000000000 20.000000000 25.195553469 -3.208423983 -0.944238995 -174.229987308 3.290539451 -0.629840013 0.050467684 -0.998297805 0.006932204 0.028398078 
0.077000 4.119057029 35.547839955 39.691878949 -0.946128895 -2.231834954 1.300103219 77.831080938 9.522908011 20.987026453 0.771916191 0.603773983 0.177516549 0.089945799 0.000000000 0.000000000 0.000000000 0.000000000 0.000000000 20.000000000 25.125376043 -3.116863263 -1.041619154 -174.244257896 3.188443269 -0.683051610 0.050352505 -0.998326175 0.007347674 0.027486091 
0.078000 4.134197857 35.549924969 39.705774935 -0.623691018 -2.111818823 1.511805690 76.684759569 11.581066755 25.615668470 0.774775565 0.584295540 0.213983128 0.111949841 0.000000000 0.000000000 0.000000000 0.000000000 0.000000000 20.000000000 24.120742623 -3.272997446 -1.128245088 -174.305572248 3.030871739 -0.666807579 0.049808292 -0.998391665 0.007123383 0.026124225 
0.079000 4.141633434 35.547594808 39.712372193 -0.455730732 -2.126475858 1.650851585 73.226651600 14.155599913 26.835910101 0.791871680 0.552759847 0.233548203 0.113362389 0.000000000 0.000000000 0.000000000 0.000000000 0.000000000 20.000000000 23.809836188 -3.243991590 -1.281687468 -174.499834391 2.921564736 -0.559393879 0.048087710 -0.998505831 0.006097521 0.025228895 
0.080000 4.163024690 35.538931377 39.718930421 0.003766860 -2.340131443 1.817552608 63.251967036 5.447730384 30.060066639 0.827892919 0.495367592 0.174909933 0.196496256 0.000000000 0.000000000 0.000000000 0.000000000 0.000000000 20.000000000 25.918343571 -2.270046600 -1.727274806 -174.765739396 2.948579571 -0.783216863 0.045821142 -0.998594923 0.008000187 0.025388950 
