0 0.000 0.000 0.000 0.000 0.000 0.000 1.000
1 0.000 0.000 0.000 0.071 0.000 0.000 0.997
2 0.000 0.000 0.000 0.142 0.000 0.000 0.990
3 0.000 0.000 0.000 0.213 0.000 0.000 0.977
4 0.000 0.000 0.000 0.282 0.000 0.000 0.959
5 0.000 0.000 0.000 0.349 0.000 0.000 0.937
6 0.000 0.000 0.000 0.415 0.000 0.000 0.910
7 0.000 0.000 0.000 0.479 0.000 0.000 0.878
8 0.000 0.000 0.000 0.541 0.000 0.000 0.841
9 0.000 0.000 0.000 0.599 0.000 0.000 0.801
10 0.000 0.000 0.000 0.655 0.000 0.000 0.756
11 0.000 0.000 0.000 0.707 0.000 0.000 0.707
12 0.000 0.000 0.000 0.756 0.000 0.000 0.655
13 0.000 0.000 0.000 0.801 0.000 0.000 0.599
14 0.000 0.000 0.000 0.841 0.000 0.000 0.541
15 0.000 0.000 0.000 0.878 0.000 0.000 0.479
16 0.000 0.000 0.000 0.910 0.000 0.000 0.415
17 0.000 0.000 0.000 0.937 0.000 0.000 0.349
18 0.000 0.000 0.000 0.959 0.000 0.000 0.282
19 0.000 0.000 0.000 0.977 0.000 0.000 0.213
20 0.000 0.000 0.000 0.990 0.000 0.000 0.142
21 0.000 0.000 0.000 0.997 0.000 0.000 0.071
22 0.000 0.000 0.000 1.000 0.000 0.000 0.000
23 0.000 0.000 0.000 0.997 0.000 0.000 -0.071
24 0.000 0.000 0.000 0.990 0.000 0.000 -0.142
25 0.000 0.000 0.000 0.977 0.000 0.000 -0.213
26 0.000 0.000 0.000 0.959 0.000 0.000 -0.282
27 0.000 0.000 0.000 0.937 0.000 0.000 -0.349
28 0.000 0.000 0.000 0.910 0.000 0.000 -0.415
29 0.000 0.000 0.000 0.878 0.000 0.000 -0.479
30 0.000 0.000 0.000 0.841 0.000 0.000 -0.541
31 0.000 0.000 0.000 0.801 0.000 0.000 -0.599
32 0.000 0.000 0.000 0.756 0.000 0.000 -0.655
33 0.000 0.000 0.000 0.707 0.000 0.000 -0.707
34 0.000 0.000 0.000 -0.655 0.000 0.000 0.756
35 0.000 0.000 0.000 -0.599 0.000 0.000 0.801
36 0.000 0.000 0.000 -0.541 0.000 0.000 0.841
37 0.000 0.000 0.000 -0.479 0.000 0.000 0.878
38 0.000 0.000 0.000 -0.415 0.000 0.000 0.910
39 0.000 0.000 0.000 -0.349 0.000 0.000 0.937
40 0.000 0.000 0.000 -0.282 0.000 0.000 0.959
41 0.000 0.000 0.000 -0.213 0.000 0.000 0.977
42 0.000 0.000 0.000 -0.142 0.000 0.000 0.990
43 0.000 0.000 0.000 -0.071 0.000 0.000 0.997
44 0.000 0.000 0.000 -0.000 0.000 0.000 1.000
45 0.000 0.000 0.000 0.071 0.000 0.000 0.997
46 0.000 0.000 0.000 0.142 0.000 0.000 0.990
47 0.000 0.000 0.000 0.213 0.000 0.000 0.977
48 0.000 0.000 0.000 0.282 0.000 0.000 0.959
49 0.000 0.000 0.000 0.349 0.000 0.000 0.937
50 0.000 0.000 0.000 0.415 0.000 0.000 0.910
51 0.000 0.000 0.000 0.479 0.000 0.000 0.878
52 0.000 0.000 0.000 0.541 0.000 0.000 0.841
53 0.000 0.000 0.000 0.599 0.000 0.000 0.801
54 0.000 0.000 0.000 0.655 0.000 0.000 0.756
55 0.000 0.000 0.000 0.707 0.000 0.000 0.707
56 0.000 0.000 0.000 0.756 0.000 0.000 0.655
57 0.000 0.000 0.000 0.801 0.000 0.000 0.599
58 0.000 0.000 0.000 0.841 0.000 0.000 0.541
59 0.000 0.000 0.000 0.878 0.000 0.000 0.479
60 0.000 0.000 0.000 0.910 0.000 0.000 0.415
61 0.000 0.000 0.000 0.937 0.000 0.000 0.349
62 0.000 0.000 0.000 0.959 0.000 0.000 0.282
63 0.000 0.000 0.000 0.977 0.000 0.000 0.213
64 0.000 0.000 0.000 0.990 0.000 0.000 0.142
65 0.000 0.000 0.000 0.997 0.000 0.000 0.071
66 0.000 0.000 0.000 1.000 0.000 0.000 0.000
67 0.000 0.000 0.000 0.997 0.000 0.000 -0.071
68 0.000 0.000 0.000 0.990 0.000 0.000 -0.142
69 0.000 0.000 0.000 0.977 0.000 0.000 -0.213
70 0.000 0.000 0.000 0.959 0.000 0.000 -0.282
71 0.000 0.000 0.000 0.937 0.000 0.000 -0.349
72 0.000 0.000 0.000 0.910 0.000 0.000 -0.415
73 0.000 0.000 0.000 0.878 0.000 0.000 -0.479
74 0.000 0.000 0.000 0.841 0.000 0.000 -0.541
75 0.000 0.000 0.000 0.801 0.000 0.000 -0.599
76 0.000 0.000 0.000 0.756 0.000 0.000 -0.655
77 0.000 0.000 0.000 0.707 0.000 0.000 -0.707
78 0.000 0.000 0.000 -0.655 0.000 0.000 0.756
79 0.000 0.000 0.000 -0.599 0.000 0.000 0.801
80 0.000 0.000 0.000 -0.541 0.000 0.000 0.841
81 0.000 0.000 0.000 -0.479 0.000 0.000 0.878
82 0.000 0.000 0.000 -0.415 0.000 0.000 0.910
83 0.000 0.000 0.000 -0.349 0.000 0.000 0.937
84 0.000 0.000 0.000 -0.282 0.000 0.000 0.959
85 0.000 0.000 0.000 -0.213 0.000 0.000 0.977
86 0.000 0.000 0.000 -0.142 0.000 0.000 0.990
87 0.000 0.000 0.000 -0.071 0.000 0.000 0.997
88 0.000 0.000 0.000 -0.000 0.000 0.000 1.000
89 0.000 0.000 0.000 0.071 0.000 0.000 0.997
90 0.000 0.000 0.000 0.142 0.000 0.000 0.990
91 0.000 0.000 0.000 0.213 0.000 0.000 0.977
92 0.000 0.000 0.000 0.282 0.000 0.000 0.959
93 0.000 0.000 0.000 0.349 0.000 0.000 0.937
94 0.000 0.000 0.000 0.415 0.000 0.000 0.910
95 0.000 0.000 0.000 0.479 0.000 0.000 0.878
96 0.000 0.000 0.000 0.541 0.000 0.000 0.841
97 0.000 0.000 0.000 0.599 0.000 0.000 0.801
98 0.000 0.000 0.000 0.655 0.000 0.000 0.756
99 0.000 0.000 0.000 0.707 0.000 0.000 0.707
