200.000000 0.000000000 0.000000000 0.000000000 0.000000000 0.000000000 0.000000000 1.000000000 
201.000000 0.004680822 0.006236583 0.004043363 0.002743236 0.001941394 -0.002513525 0.999991194 
202.000000 0.009992044 0.015744344 0.007903869 0.003261613 0.002184876 -0.004027659 0.999984183 
203.000000 0.016857111 0.029963722 0.013577912 0.004944528 0.002083203 -0.004025962 0.999977502 
204.000000 0.028973873 0.043441940 0.022430334 0.005705537 -0.000373847 -0.003159117 0.999978663 
205.000000 0.031504310 0.060869258 0.027368302 0.008002470 -0.000779291 -0.001705988 0.999966221 
206.000000 0.034364824 0.073118257 0.030615628 0.012889093 -0.001331305 0.000187643 0.999916028 
207.000000 0.035221825 0.080824096 0.033108703 0.013067641 0.000237247 0.000972298 0.999914114 
208.000000 0.036349561 0.080366207 0.037196492 0.008967795 0.000333035 0.001237782 0.999958967 
209.000000 0.036064453 0.081961836 0.045131380 0.010376759 0.000973674 0.002404358 0.999942795 
210.000000 0.040554207 0.092716539 0.050445677 0.014623599 0.000463603 0.002122140 0.999890710 
211.000000 0.044486577 0.102287878 0.048618159 0.014144682 -0.000229708 0.002182137 0.999897551 
212.000000 0.048473973 0.110889835 0.053922009 0.015470505 -0.000590808 0.002101660 0.999877941 
213.000000 0.048774336 0.120568944 0.060995739 0.021075112 0.000569990 0.001301508 0.999776886 
214.000000 0.006011152 0.100418596 0.063463133 0.010946259 0.020319937 0.003164711 0.999728595 
215.000000 0.003215238 0.107039684 0.069676207 0.012812012 0.022231959 0.003984761 0.999662800 
216.000000 0.009115019 0.115033262 0.076693943 0.014694386 0.020094407 0.003828345 0.999682766 
217.000000 0.009628313 0.121747758 0.081303399 0.016412010 0.019192299 0.001889311 0.999679315 
218.000000 0.003456166 0.125228309 0.085403111 0.019562874 0.020050970 0.002583556 0.999604211 
219.000000 0.004262245 0.129870805 0.091387848 0.021776281 0.018783782 0.001604404 0.999585108 
220.000000 -0.006512787 0.136775840 0.092615596 0.023450690 0.018412490 0.001574127 0.999554184 
221.000000 -0.020050076 0.144554228 0.096490223 0.022115190 0.019519559 -0.000257877 0.999564825 
222.000000 -0.019687131 0.157389255 0.102676321 0.021798205 0.019174717 -0.001858470 0.999576768 
223.000000 -0.021968861 0.176084655 0.104799623 0.027450895 0.019611107 -0.002386230 0.999427916 
224.000000 -0.016581830 0.184818683 0.110080201 0.031084126 0.019000384 -0.003555000 0.999329838 
225.000000 -0.027484756 0.213814996 0.118852233 0.043941167 0.024197631 -0.005803449 0.998724170 
226.000000 -0.029812922 0.221669641 0.119227125 0.045634332 0.023055482 -0.008170422 0.998658699 
227.000000 -0.032239288 0.229474350 0.116988395 0.049520472 0.023870686 -0.008055764 0.998455316 
228.000000 -0.031819882 0.243726055 0.122028603 0.053436497 0.024865187 -0.007299937 0.998234929 
229.000000 -0.024812787 0.255372974 0.129939106 0.054207648 0.021589924 -0.005708818 0.998279928 
230.000000 -0.023496949 0.267998766 0.134881681 0.054672572 0.020795510 -0.006667625 0.998265495 
231.000000 -0.027239263 0.270491435 0.140570058 0.051729156 0.023751142 -0.007841173 0.998347882 
232.000000 -0.029843704 0.294014943 0.149279010 0.060816170 0.025086912 -0.010409022 0.997779381 
233.000000 -0.039950004 0.307347554 0.150455138 0.065091240 0.025605260 -0.011732945 0.997481749 
234.000000 -0.048137201 0.305102737 0.151111393 0.063097016 0.026407264 -0.011273335 0.997594274 
235.000000 -0.034300235 0.280917011 0.155312960 0.049729634 0.018951362 -0.013033292 0.998497843 
236.000000 -0.026324485 0.288943385 0.157330405 0.052678437 0.015345749 -0.014449784 0.998389049 
237.000000 -0.019573135 0.294873614 0.161830200 0.053478565 0.014862353 -0.014801552 0.998348670 
238.000000 -0.022542635 0.297075217 0.162872254 0.052528144 0.016242625 -0.015634863 0.998364924 
239.000000 -0.024313641 0.307047980 0.166705906 0.056652020 0.014818797 -0.015586972 0.998162311 
240.000000 -0.027559643 0.308183035 0.163694673 0.054213947 0.013496437 -0.015529222 0.998317353 
241.000000 -0.030399617 0.316320100 0.164335613 0.057999989 0.011270833 -0.016825123 0.998111159 
242.000000 -0.036357721 0.316039781 0.162452206 0.057378415 0.009874389 -0.017499622 0.998150278 
243.000000 -0.033571977 0.317374800 0.161288193 0.059868303 0.007900187 -0.015434029 0.998055692 
244.000000 -0.025276763 0.320703858 0.157241623 0.062968163 0.004730744 -0.017294231 0.997854468 
245.000000 -0.028594784 0.322759798 0.155002694 0.064372269 0.004237022 -0.016970813 0.997772644 
246.000000 -0.045809356 0.302525310 0.148944954 0.056544710 0.010444036 -0.014194442 0.998244527 
247.000000 -0.043118243 0.303946241 0.156370504 0.056261915 0.007338101 -0.013142016 0.998302578 
248.000000 -0.043448578 0.303518009 0.158562275 0.053655793 0.006046428 -0.014380976 0.998437622 
249.000000 -0.043956976 0.311474347 0.160410196 0.053620320 0.004618228 -0.014255427 0.998448955 
250.000000 -0.041438489 0.316444323 0.164527510 0.053546582 0.001353463 -0.014286205 0.998462236 
251.000000 -0.038514172 0.320206066 0.165040521 0.053553184 -0.001622557 -0.014360918 0.998460409 
252.000000 -0.036092896 0.329478837 0.164221217 0.056667388 -0.002189929 -0.014689433 0.998282641 
253.000000 -0.031144799 0.325682139 0.165556676 0.054226848 -0.004416213 -0.012123953 0.998445269 
254.000000 -0.029684190 0.330311686 0.157745571 0.056603216 -0.005245936 -0.010899476 0.998323473 
255.000000 -0.023917620 0.337753007 0.154880965 0.061235931 -0.006319824 -0.010087545 0.998052334 
256.000000 -0.021037353 0.340633822 0.153897562 0.062454513 -0.005335239 -0.007932784 0.998002024 
257.000000 -0.009622832 0.348297967 0.153878514 0.064036400 -0.008459975 -0.008483926 0.997875639 
258.000000 -0.023850061 0.348366271 0.146347843 0.057371032 0.000191599 -0.006417776 0.998332279 
259.000000 -0.021743204 0.358211602 0.150984063 0.057990161 -0.001537549 -0.006737984 0.998293232 
260.000000 -0.021688550 0.365453443 0.161415152 0.060376767 -0.002107458 -0.007762790 0.998143248 
261.000000 -0.020250996 0.371062276 0.167408811 0.064855812 -0.002494814 -0.006861677 0.997867936 
262.000000 -0.016501601 0.372116878 0.166864150 0.063412253 -0.005717603 -0.005615849 0.997955238 
263.000000 -0.018228910 0.386769059 0.167748082 0.067027787 -0.007177112 -0.004603660 0.997714674 
264.000000 -0.018135840 0.393603466 0.167970245 0.068166331 -0.008245250 -0.003261477 0.997634567 
265.000000 -0.014240425 0.392737828 0.170007555 0.067129906 -0.010251400 -0.004272107 0.997682431 
266.000000 -0.013763373 0.384951950 0.169983918 0.063125086 -0.012963648 -0.003144496 0.997916469 
267.000000 -0.006835385 0.385206964 0.175568859 0.065942652 -0.014704934 -0.002926870 0.997710762 
268.000000 -0.001287305 0.379193221 0.182637440 0.063166004 -0.015409766 0.000514137 0.997883926 
269.000000 0.002815642 0.376941338 0.189553711 0.061670979 -0.018215749 0.002733939 0.997926552 
270.000000 0.019141696 0.327408473 0.180888092 0.031523410 -0.024587203 0.001950261 0.999198649 
271.000000 0.027811191 0.317879257 0.182893737 0.023784589 -0.027729198 0.003240317 0.999327216 
272.000000 0.034626676 0.322401018 0.189086600 0.025214886 -0.027690100 0.002699632 0.999294841 
273.000000 0.039896413 0.319160222 0.199681611 0.025056294 -0.028963138 0.002938496 0.999262070 
274.000000 0.041025237 0.311453759 0.203783258 0.025974206 -0.030134361 0.003672396 0.999201568 
275.000000 0.044554233 0.309683878 0.210954506 0.029407812 -0.031280049 0.002646877 0.999074438 
276.000000 0.041156127 0.312129420 0.213519013 0.031012851 -0.030487597 0.003160364 0.999048909 
277.000000 0.044432495 0.303088879 0.215780719 0.023412877 -0.034047114 0.002463425 0.999142914 
278.000000 0.045737547 0.281305739 0.223905761 0.003197345 -0.035087676 0.001054896 0.999378566 
279.000000 0.045247327 0.279613319 0.223072726 -0.005144778 -0.030750477 0.000740446 0.999513577 
280.000000 0.049956549 0.279640550 0.233848449 -0.005519195 -0.033630172 0.001777121 0.999417526 
281.000000 0.055977823 0.280218937 0.244570554 -0.005542867 -0.036179271 0.003391141 0.999324190 
282.000000 0.063618711 0.279448598 0.251614674 -0.007175832 -0.036009110 0.005882222 0.999308386 
283.000000 0.058314714 0.286516855 0.260969070 -0.003723077 -0.034224882 0.005692018 0.999391013 
284.000000 0.068424054 0.298780933 0.268356643 0.001797676 -0.040177114 0.006961340 0.999166707 
285.000000 0.080496032 0.295846935 0.271888192 -0.002136746 -0.041066289 0.008345920 0.999119282 
286.000000 0.090956562 0.311106158 0.275865415 0.003470782 -0.040233121 0.008351882 0.999149386 
287.000000 0.112232046 0.330669251 0.280863874 0.012963576 -0.055191040 0.010838851 0.998332817 
288.000000 0.115014161 0.335986201 0.279982962 0.010914381 -0.054620274 0.010442730 0.998392934 
289.000000 0.123875207 0.350997636 0.280672243 0.019598633 -0.055505819 0.010002732 0.998215880 
290.000000 0.151317405 0.350344929 0.277465355 0.017087549 -0.063483811 0.008279365 0.997802222 
291.000000 0.160274737 0.354841874 0.279259214 0.022660664 -0.066474899 0.008971037 0.997490402 
292.000000 0.179732227 0.359110306 0.279878384 0.023676230 -0.073814881 0.008089839 0.996958050 
293.000000 0.190411570 0.367636521 0.282673724 0.025133991 -0.074968058 0.008648249 0.996831621 
294.000000 0.211160396 0.369296337 0.283063444 0.022895336 -0.080707119 0.009197829 0.996432418 
295.000000 0.223755389 0.377675321 0.287363770 0.026846761 -0.082956281 0.008666511 0.996153803 
296.000000 0.239519401 0.392023861 0.293585605 0.030285839 -0.088419689 0.008977148 0.995582311 
297.000000 0.253786398 0.401564524 0.292385874 0.037050691 -0.090741710 0.010151376 0.995133226 
298.000000 0.216714420 0.355993561 0.256578986 0.006909664 -0.058725033 0.010445987 0.998195626 
299.000000 0.229769624 0.358874800 0.255510019 0.006283246 -0.063801512 0.010957860 0.997882665 
300.000000 0.249095118 0.376302753 0.256035205 0.017121513 -0.069506471 0.011008765 0.997373807 
301.000000 0.258336562 0.375747605 0.257125552 0.015162456 -0.073994725 0.014948012 0.997031312 
302.000000 0.263862070 0.378427507 0.251449820 0.013637751 -0.078861361 0.015248572 0.996675664 
303.000000 0.270588793 0.381963632 0.245957980 0.013152245 -0.080723271 0.016942291 0.996505761 
304.000000 0.281013948 0.386638711 0.246193523 0.014988049 -0.084460095 0.016887933 0.996170994 
305.000000 0.291593655 0.378569664 0.245230318 0.010135692 -0.088646234 0.017547020 0.995857025 
306.000000 0.304792891 0.392452247 0.244262996 0.017581928 -0.093533301 0.019931894 0.995261331 
307.000000 0.311484230 0.418480152 0.242486208 0.031161643 -0.096367595 0.023129704 0.994588988 
308.000000 0.317044957 0.419241125 0.244818273 0.028559187 -0.096985391 0.021495564 0.994643729 
309.000000 0.338455054 0.411629149 0.251484665 0.023213582 -0.103010222 0.020766770 0.994192519 
310.000000 0.352839078 0.422830277 0.264075466 0.031784090 -0.106181167 0.019089656 0.993655331 
311.000000 0.356389212 0.422726223 0.262609115 0.027337336 -0.102088646 0.020048790 0.994197478 
312.000000 0.358520606 0.420951444 0.262217323 0.026237219 -0.102662238 0.021094253 0.994146421 
313.000000 0.366215059 0.429151573 0.259539594 0.030178036 -0.105935332 0.023014301 0.993648496 
314.000000 0.382327599 0.436186866 0.260538396 0.030903214 -0.111581551 0.022403052 0.993021980 
315.000000 0.391454982 0.445025974 0.262377744 0.031187804 -0.113576056 0.024507482 0.992737218 
316.000000 0.404593728 0.446690949 0.266452117 0.029049300 -0.117679033 0.025456649 0.992300228 
317.000000 0.415957952 0.444222109 0.278541175 0.028822586 -0.121636278 0.025973765 0.991816131 
318.000000 0.423793654 0.435136767 0.289462566 0.025322703 -0.122016405 0.027474569 0.991824534 
319.000000 0.436130594 0.438569514 0.297929370 0.026830661 -0.123467794 0.027885172 0.991593786 
320.000000 0.449162588 0.439789250 0.304957309 0.026516303 -0.128158001 0.028286117 0.990995615 
321.000000 0.456542729 0.441359071 0.306539635 0.027911392 -0.132404071 0.028467441 0.990393720 
322.000000 0.460021990 0.442291666 0.309215232 0.027395225 -0.132208671 0.027627251 0.990458027 
323.000000 0.454619494 0.434916333 0.301794137 0.022065766 -0.121907260 0.029506397 0.991857396 
324.000000 0.463643332 0.431638388 0.301311198 0.022200638 -0.123966626 0.032647830 0.991500644 
325.000000 0.468150789 0.429007647 0.299087116 0.020499903 -0.127873305 0.032940615 0.991031325 
326.000000 0.471402742 0.433090835 0.305603330 0.021810691 -0.129734951 0.034565293 0.990705999 
327.000000 0.483965945 0.433926449 0.311644974 0.019006208 -0.133072347 0.035726033 0.990279842 
328.000000 0.490365656 0.444441494 0.313899359 0.024667522 -0.132954124 0.039861605 0.990013013 
329.000000 0.507063705 0.441376132 0.314614498 0.020892202 -0.137880192 0.039602317 0.989436317 
330.000000 0.508695625 0.449505279 0.310864186 0.023613324 -0.135973664 0.040250873 0.989612773 
331.000000 0.510919302 0.448873962 0.310970394 0.025025548 -0.135114906 0.040191797 0.989698087 
332.000000 0.511741024 0.449563405 0.314916235 0.026512181 -0.135756249 0.041732832 0.989507815 
333.000000 0.517371904 0.459604440 0.315738272 0.028825628 -0.142037192 0.042570134 0.988525317 
334.000000 0.494222907 0.450782696 0.312628388 0.020748243 -0.128793503 0.043562570 0.990496868 
335.000000 0.491746593 0.455171579 0.318850227 0.023929645 -0.126066312 0.046013141 0.990665154 
336.000000 0.496013548 0.460265407 0.322410210 0.025045628 -0.125665366 0.045713807 0.990702367 
337.000000 0.500473513 0.468793119 0.326622353 0.027151385 -0.128937943 0.045228135 0.990248567 
338.000000 0.498026506 0.466212606 0.330819783 0.026368584 -0.126933375 0.045592894 0.990511940 
339.000000 0.496297012 0.469208098 0.339688926 0.024645211 -0.124962086 0.045618256 0.990805766 
