 0.000000000 0.000000000 0.000000000 
 0.000000000 0.000000000 0.000000000 
 0.000000000 0.000000000 0.000000000 
 0.000000000 0.000000000 0.000000000 
 0.000000000 0.000000000 0.000000000 
 0.000000000 0.000000000 0.000000000 
 0.000000000 0.000000000 0.000000000 
 0.000000000 0.000000000 -0.000000000 
 0.000000000 0.000000000 -0.000000000 
 0.000000000 0.000000000 -0.000000000 
 0.000000000 0.000000000 -0.000000000 
 0.000000000 0.000000000 -0.000000000 
 0.000000000 0.000000000 -0.000000000 
 0.000000000 -0.000000000 -0.000000000 
 0.000016340 0.000064546 0.000189605 
 0.000248659 0.000484765 0.000696205 
 0.001196397 0.001533858 0.001433824 
 0.003590794 0.003403810 0.002325937 
 0.008318344 0.006214639 0.003305058 
 0.016353262 0.010023213 0.004312313 
 0.028698581 0.014831663 0.005297022 
 0.046335438 0.020595360 0.006216282 
 0.070180133 0.027230484 0.007034542 
 0.101048540 0.034621165 0.007723183 
 0.139627461 0.042626208 0.008260103 
 0.186452483 0.051085396 0.008629290 
 0.241891935 0.059825373 0.008820408 
 0.306136511 0.068665106 0.008828371 
 0.379194155 0.077420930 0.008652928 
 0.460889773 0.085911168 0.008298238 
 0.550869357 0.093960335 0.007772454 
 0.648608100 0.101402918 0.007087301 
 0.753422092 0.108086742 0.006257653 
 0.864483154 0.113875904 0.005301120 
 0.980836413 0.118653304 0.004237618 
 1.101420188 0.122322738 0.003088958 
 1.225087760 0.124810582 0.001878420 
 1.350630621 0.126067055 0.000630335 
 1.476802767 0.126067055 -0.000630335 
 1.602345628 0.124810582 -0.001878420 
 1.726013200 0.122322738 -0.003088958 
 1.846596975 0.118653304 -0.004237618 
 1.962950234 0.113875904 -0.005301120 
 2.074011296 0.108086742 -0.006257653 
 2.178825288 0.101402918 -0.007087301 
 2.276564032 0.093960335 -0.007772454 
 2.366543615 0.085911168 -0.008298238 
 2.448239233 0.077420930 -0.008652928 
 2.521296878 0.068665106 -0.008828371 
 2.585541454 0.059825373 -0.008820408 
 2.640980905 0.051085396 -0.008629290 
 2.687805927 0.042626208 -0.008260103 
 2.726384849 0.034621165 -0.007723183 
 2.757253256 0.027230484 -0.007034542 
 2.781097950 0.020595360 -0.006216282 
 2.798734807 0.014831663 -0.005297022 
 2.811080126 0.010023213 -0.004312313 
 2.819115044 0.006214639 -0.003305058 
 2.823842594 0.003403810 -0.002325937 
 2.826236992 0.001533858 -0.001433824 
 2.827184729 0.000484765 -0.000696205 
 2.827417049 0.000064546 -0.000189605 
 2.827433388 0.000000000 -0.000000000 
 2.827433388 0.000000000 0.000000000 
 2.827433388 0.000000000 0.000000000 
 2.827433388 0.000000000 0.000000000 
 2.827433388 0.000000000 -0.000000000 
 2.827433388 0.000000000 -0.000000000 
 2.827433388 0.000000000 -0.000000000 
 2.827433388 0.000000000 0.000000000 
 2.827418932 -0.000057198 -0.000168475 
 2.827211977 -0.000433079 -0.000625558 
 2.826361069 -0.001381933 -0.001303710 
 2.824193146 -0.003093752 -0.002141828 
 2.819874666 -0.005700540 -0.003084998 
 2.812466537 -0.009282378 -0.004084246 
 2.800973118 -0.013873238 -0.005096292 
 2.784385516 -0.019466558 -0.006083299 
 2.761719442 -0.026020557 -0.007012632 
 2.732047868 -0.033463317 -0.007856605 
 2.694528736 -0.041697602 -0.008592233 
 2.648427962 -0.050605446 -0.009200990 
 2.593137980 -0.060052475 -0.009668556 
 2.528192086 -0.069892000 -0.009984571 
 2.453274819 -0.079968847 -0.010142390 
 2.368228622 -0.090122952 -0.010138832 
 2.273057051 -0.100192698 -0.009973934 
 2.167924752 -0.110018012 -0.009650703 
 2.053154477 -0.119443209 -0.009174870 
 1.929221376 -0.128319594 -0.008554640 
 1.796744806 -0.136507812 -0.007800446 
 1.656477926 -0.143879951 -0.006924704 
 1.509295299 -0.150321401 -0.005941557 
 1.356178768 -0.155732461 -0.004866639 
 1.198201843 -0.160029702 -0.003716819 
 1.036512857 -0.163147077 -0.002509955 
 0.872317120 -0.165036792 -0.001264650 
 0.706858347 -0.165669925 -0.000000000 
 0.541399574 -0.165036792 0.001264650 
 0.377203838 -0.163147077 0.002509955 
 0.215514851 -0.160029702 0.003716819 
 0.057537926 -0.155732461 0.004866639 
 -0.095578605 -0.150321401 0.005941557 
 -0.242761232 -0.143879951 0.006924704 
 -0.383028112 -0.136507812 0.007800446 
 -0.515504681 -0.128319594 0.008554640 
 -0.639437783 -0.119443209 0.009174870 
 -0.754208058 -0.110018012 0.009650703 
 -0.859340357 -0.100192698 0.009973934 
 -0.954511928 -0.090122952 0.010138832 
 -1.039558124 -0.079968847 0.010142390 
 -1.114475392 -0.069892000 0.009984571 
 -1.179421285 -0.060052475 0.009668556 
 -1.234711268 -0.050605446 0.009200990 
 -1.280812042 -0.041697602 0.008592233 
 -1.318331174 -0.033463317 0.007856605 
 -1.348002748 -0.026020557 0.007012632 
 -1.370668822 -0.019466558 0.006083299 
 -1.387256424 -0.013873238 0.005096292 
 -1.398749843 -0.009282378 0.004084246 
 -1.406157971 -0.005700540 0.003084998 
 -1.410476452 -0.003093752 0.002141828 
 -1.412644375 -0.001381933 0.001303710 
 -1.413495283 -0.000433079 0.000625558 
 -1.413702238 -0.000057198 0.000168475 
 -1.413716694 -0.000000000 -0.000000000 
 -1.413716694 0.000000000 0.000000000 
 -1.413716694 0.000000000 0.000000000 
 -1.413716694 0.000000000 0.000000000 
 -1.413716694 0.000000000 0.000000000 
 -1.413716694 0.000000000 0.000000000 
 -1.413716694 0.000000000 0.000000000 
 -1.413716694 0.000000000 0.000000000 
 -1.413716694 0.000000000 -0.000000000 
 -1.413716694 0.000000000 -0.000000000 
 -1.413716694 0.000000000 -0.000000000 
 -1.413716694 0.000000000 -0.000000000 
 -1.413716694 0.000000000 -0.000000000 
 -1.413716694 0.000000000 -0.000000000 
 -1.413716694 0.000000000 0.000000000 
