200.000000 0.000000000 0.000000000 0.000000000 0.000000000 0.000000000 0.000000000 1.000000000
201.000000 -0.000729702 0.008866248 0.001769283 0.001606673 0.000466055 -0.000522086 0.999998450
202.000000 0.001134282 0.016858846 0.004809482 0.003257765 0.000585676 -0.000541843 0.999994397
203.000000 -0.000049729 0.029073961 0.008372707 0.006426975 0.001658325 -0.000770132 0.999977648
204.000000 0.001795905 0.035006739 0.012668327 0.007196104 0.001090102 -0.000883495 0.999973118
205.000000 0.002100642 0.044114996 0.015368326 0.009516694 0.001097728 -0.001197685 0.999953389
206.000000 0.005029130 0.056284852 0.019706676 0.013621263 0.000164234 -0.001603408 0.999905944
207.000000 0.003889303 0.063480206 0.021785021 0.015144494 0.001018990 -0.001504913 0.999883652
208.000000 0.005653479 0.063519545 0.021120401 0.013527013 0.000657778 -0.002170473 0.999905944
209.000000 0.004599922 0.069558904 0.024076128 0.015159205 0.000924947 -0.002119919 0.999882400
210.000000 0.007703070 0.081638172 0.027706029 0.019560415 -0.000308958 -0.002044375 0.999806523
211.000000 0.007639648 0.087096758 0.028651297 0.020490455 0.000036363 -0.001941528 0.999788165
212.000000 0.006088766 0.093277246 0.029397923 0.022220077 0.001026713 -0.001976884 0.999750614
213.000000 0.004182347 0.106884338 0.033361901 0.026965706 0.001576909 -0.002053216 0.999633014
214.000000 -0.039994683 0.089046218 0.038819209 0.017279720 0.020302020 -0.001121335 0.999643922
215.000000 -0.044734441 0.097572133 0.042529929 0.019610152 0.022079555 -0.001247269 0.999563098
216.000000 -0.043404043 0.104407817 0.046461124 0.020657923 0.020805776 -0.000675854 0.999569893
217.000000 -0.046113051 0.111005552 0.049368884 0.021772079 0.021317262 -0.001614985 0.999534369
218.000000 -0.052554972 0.120054603 0.053009834 0.024298700 0.023133453 -0.001302759 0.999436200
219.000000 -0.050396323 0.128660321 0.059068054 0.025857642 0.021124559 -0.002630015 0.999438941
220.000000 -0.052653641 0.137904987 0.062636979 0.027782625 0.021355556 -0.001937395 0.999383986
221.000000 -0.061442502 0.142104626 0.065632597 0.027624005 0.024392376 -0.003070609 0.999316037
222.000000 -0.064874694 0.147742271 0.067968778 0.028254179 0.025380388 -0.004401223 0.999268830
223.000000 -0.067462102 0.163845241 0.072087936 0.033830445 0.026087636 -0.004735406 0.999075830
224.000000 -0.065894045 0.175423980 0.077403001 0.036707398 0.025251215 -0.004383963 0.998997390
225.000000 -0.078835443 0.205372974 0.085660875 0.049061861 0.031122537 -0.004669184 0.998299837
226.000000 -0.077642091 0.213617250 0.090523213 0.050559882 0.030414617 -0.005625764 0.998241961
227.000000 -0.079714894 0.227784425 0.094986923 0.054816708 0.031057464 -0.005734360 0.997996807
228.000000 -0.082659476 0.242927983 0.101659492 0.059986047 0.032085944 -0.006519279 0.997662127
229.000000 -0.083157726 0.250812471 0.108234495 0.061394509 0.031453811 -0.005799977 0.997600973
230.000000 -0.085902654 0.260343760 0.113910258 0.062749699 0.032522958 -0.006701311 0.997476757
231.000000 -0.090977743 0.259737462 0.117238529 0.060024414 0.034672473 -0.006991044 0.997570038
232.000000 -0.092308126 0.280322075 0.126070186 0.068208575 0.035755929 -0.008477882 0.996994078
233.000000 -0.095242970 0.293140173 0.131890073 0.071996816 0.037153225 -0.008515338 0.996676266
234.000000 -0.097608395 0.295108527 0.135335222 0.069503345 0.038594447 -0.009120083 0.996793151
235.000000 -0.083292522 0.271804422 0.140263110 0.054372769 0.030650221 -0.011204121 0.997987330
236.000000 -0.078783371 0.280135334 0.142150104 0.056205902 0.027049616 -0.011303215 0.997988701
237.000000 -0.078113697 0.289797962 0.147472546 0.059031047 0.027008357 -0.011080473 0.997829199
238.000000 -0.083120830 0.294862270 0.149385884 0.059640158 0.029153941 -0.010848281 0.997735143
239.000000 -0.083167762 0.305930167 0.153641865 0.063683346 0.028490111 -0.009866648 0.997514606
240.000000 -0.083036624 0.307906508 0.152697906 0.061736014 0.028366949 -0.008133343 0.997656167
241.000000 -0.079705171 0.320365936 0.157170340 0.066710278 0.026807996 -0.007561714 0.997383535
242.000000 -0.077847555 0.325132042 0.156633124 0.067147002 0.025808521 -0.008661292 0.997371614
243.000000 -0.075673074 0.333634615 0.157010108 0.069760337 0.024441026 -0.007711743 0.997234523
244.000000 -0.070980668 0.340959102 0.158084214 0.073143065 0.022047678 -0.008750637 0.997039318
245.000000 -0.071929373 0.345457107 0.159519404 0.073146656 0.023062699 -0.008151022 0.997021198
246.000000 -0.084916770 0.331988722 0.154636562 0.064229816 0.029936641 -0.005976361 0.997468114
247.000000 -0.081037395 0.336040199 0.156814471 0.065225914 0.028174708 -0.005350619 0.997458339
248.000000 -0.079276711 0.337330461 0.155126184 0.064991191 0.027943717 -0.005697043 0.997478247
249.000000 -0.075218514 0.343278170 0.156377703 0.066500589 0.026604293 -0.004379014 0.997422040
250.000000 -0.069929510 0.347622752 0.156268895 0.067732856 0.024950556 -0.005040545 0.997378707
251.000000 -0.065733783 0.353949010 0.157886297 0.069691040 0.024160517 -0.004201551 0.997267127
252.000000 -0.063002750 0.362652361 0.158106223 0.073446743 0.023996256 -0.003476973 0.997004330
253.000000 -0.053826060 0.361874104 0.160468251 0.071600892 0.020817300 -0.002601644 0.997212708
254.000000 -0.049343415 0.368115693 0.162264779 0.073132247 0.019523615 -0.002625870 0.997127712
255.000000 -0.044577219 0.374677688 0.164532304 0.075673826 0.018304534 -0.002363931 0.996961772
256.000000 -0.042934075 0.376057893 0.166422829 0.075087033 0.018951671 -0.001397117 0.996995926
257.000000 -0.032442026 0.379733801 0.169666171 0.076334380 0.015399297 -0.001885224 0.996961594
258.000000 -0.045839630 0.372335255 0.162718192 0.069485582 0.022875976 0.000325962 0.997320592
259.000000 -0.041240115 0.373431176 0.164915562 0.068913065 0.021242136 0.001164845 0.997395813
260.000000 -0.038597457 0.378254652 0.168526500 0.070409387 0.021171741 0.001730627 0.997291982
261.000000 -0.034579869 0.385384887 0.172982350 0.073513135 0.020542588 0.002827709 0.997078657
262.000000 -0.027898725 0.384288788 0.175290748 0.071916983 0.017853549 0.003357625 0.997245133
263.000000 -0.023277462 0.394553661 0.180929467 0.076484814 0.016793512 0.003969112 0.996921420
264.000000 -0.019312251 0.398149580 0.185289130 0.077249318 0.016282085 0.004820091 0.996867180
265.000000 -0.014855949 0.399726003 0.189129636 0.077580579 0.015433806 0.004228531 0.996857643
266.000000 -0.009298948 0.396043330 0.190718621 0.074403927 0.013470239 0.006272627 0.997117460
267.000000 0.000547580 0.398204237 0.196823537 0.075644366 0.010332777 0.006477266 0.997060299
268.000000 0.007206950 0.393335760 0.202054054 0.072379962 0.008584250 0.008353174 0.997305214
269.000000 0.013448279 0.390629441 0.206649885 0.070676528 0.005940673 0.009336295 0.997437894
270.000000 0.027821744 0.339066505 0.199020490 0.041145813 0.000236144 0.008465131 0.999117255
271.000000 0.034346055 0.326468796 0.206530973 0.034394238 -0.002258050 0.010026053 0.999355495
272.000000 0.037990581 0.328231692 0.212906986 0.035273936 -0.002517210 0.010155333 0.999322891
273.000000 0.043498881 0.324191123 0.221814290 0.033303436 -0.003870041 0.010847803 0.999378920
274.000000 0.046708915 0.320011824 0.229270294 0.031205054 -0.004417565 0.011597423 0.999435961
275.000000 0.050944082 0.321628183 0.239375249 0.032683846 -0.005601246 0.012172233 0.999375939
276.000000 0.051434994 0.325141400 0.247850403 0.034825359 -0.004487696 0.014154805 0.999283075
277.000000 0.058335479 0.315195531 0.255914718 0.028090181 -0.007485879 0.013623032 0.999484539
278.000000 0.061866537 0.286816239 0.266433835 0.009037943 -0.009145615 0.013206936 0.999830127
279.000000 0.062014785 0.279581189 0.265249044 0.001554756 -0.006355765 0.013968652 0.999881029
280.000000 0.069496468 0.282103926 0.272727728 0.000888913 -0.010172936 0.013934209 0.999850750
281.000000 0.076178551 0.285937130 0.281694263 0.000547913 -0.013666740 0.014039364 0.999807894
282.000000 0.080403216 0.287190735 0.286399335 -0.001928803 -0.015262999 0.015598379 0.999759972
283.000000 0.077775672 0.294214278 0.292574197 0.000891513 -0.013538764 0.015981669 0.999780238
284.000000 0.088004991 0.309126645 0.299151063 0.006751141 -0.017889269 0.018079022 0.999653697
285.000000 0.091616616 0.309886485 0.302319497 0.003482970 -0.017586721 0.018959578 0.999659479
286.000000 0.094390474 0.324596286 0.306371033 0.010762324 -0.017352045 0.018683422 0.999616921
287.000000 0.113168821 0.343187660 0.312833250 0.022457391 -0.033096604 0.020953454 0.998980105
288.000000 0.119077630 0.349417448 0.313608795 0.022453394 -0.032018080 0.021378160 0.999006331
289.000000 0.127979428 0.366516978 0.317787439 0.031007536 -0.033745434 0.022163529 0.998703420
290.000000 0.153793439 0.370019227 0.316699475 0.026773227 -0.043112535 0.020899482 0.998492718
291.000000 0.160702601 0.379309624 0.320275038 0.030571640 -0.044657879 0.022239128 0.998286784
292.000000 0.176583290 0.386168510 0.321272939 0.031447891 -0.050549641 0.022195099 0.997979522
293.000000 0.184300348 0.395011753 0.322587848 0.035352726 -0.052344985 0.022705227 0.997744799
294.000000 0.201716661 0.398521900 0.323477477 0.035004020 -0.058608115 0.023107370 0.997399569
295.000000 0.211654305 0.407838345 0.326419473 0.039213266 -0.061476573 0.024022974 0.997048557
296.000000 0.225625634 0.416497678 0.329798430 0.042016901 -0.067302734 0.025023840 0.996533334
297.000000 0.235401705 0.427477092 0.330916971 0.047513381 -0.068710394 0.027038457 0.996137679
298.000000 0.193547770 0.386015445 0.299553901 0.016866418 -0.034931410 0.027378256 0.998872221
299.000000 0.205280721 0.386138767 0.296801746 0.014595705 -0.039017450 0.028749367 0.998718202
300.000000 0.218893364 0.403468043 0.299371749 0.024215907 -0.043492459 0.028609740 0.998350382
301.000000 0.226796329 0.405499667 0.303739160 0.023000687 -0.046239808 0.031008832 0.998183966
302.000000 0.238867447 0.409504950 0.302734137 0.023352498 -0.050466914 0.030983776 0.997971833
303.000000 0.246346891 0.414117754 0.305437475 0.024689756 -0.052720834 0.033215698 0.997751296
304.000000 0.257281363 0.420309842 0.308132708 0.026969813 -0.056218259 0.032907948 0.997511506
305.000000 0.265934825 0.417203337 0.311214715 0.022573855 -0.059485197 0.032551739 0.997442901
306.000000 0.275309056 0.432395101 0.316852957 0.029874565 -0.063930102 0.034549508 0.996908605
307.000000 0.284903079 0.452843130 0.321219534 0.041593570 -0.067705154 0.037572067 0.996129692
308.000000 0.287525088 0.452938467 0.323110849 0.039649162 -0.067661539 0.037271511 0.996223211
309.000000 0.300426543 0.451025963 0.325246334 0.035248060 -0.072454527 0.037997704 0.996024132
310.000000 0.306440383 0.464590490 0.336008340 0.044791762 -0.075684398 0.037249941 0.995428562
311.000000 0.303056508 0.464623243 0.333680451 0.041747551 -0.069666430 0.038194604 0.995964289
312.000000 0.305075854 0.463933051 0.334728926 0.039454795 -0.067301676 0.037929498 0.996230483
313.000000 0.310148209 0.472576618 0.336975962 0.042304374 -0.068477668 0.039726332 0.995963335
314.000000 0.322155595 0.478681386 0.342745543 0.043846074 -0.073641688 0.039516963 0.995536447
315.000000 0.329946846 0.484054774 0.347218215 0.045530409 -0.075983733 0.040200617 0.995257437
316.000000 0.338711321 0.485796869 0.351051509 0.043982197 -0.079604559 0.040451422 0.995033860
317.000000 0.348094940 0.488600433 0.358143002 0.044073179 -0.083584480 0.040316235 0.994708896
318.000000 0.354782969 0.486930847 0.362545192 0.040891364 -0.085689053 0.041038383 0.994636178
319.000000 0.363279194 0.492794991 0.365214169 0.042569593 -0.088535652 0.042122431 0.994271100
320.000000 0.373064607 0.495460927 0.371607363 0.042099304 -0.093087360 0.042576134 0.993855953
321.000000 0.382252187 0.501269937 0.377476066 0.044172306 -0.097746491 0.042982019 0.993301034
322.000000 0.387734354 0.504960358 0.381024748 0.044729274 -0.098968461 0.042851172 0.993160784
323.000000 0.378270298 0.499207228 0.370796263 0.038477283 -0.089799456 0.045230728 0.994188011
324.000000 0.385714591 0.500901401 0.373843938 0.037556291 -0.092021577 0.049209312 0.993830979
325.000000 0.392332554 0.502639413 0.375152498 0.036312833 -0.093303658 0.049966779 0.993719876
326.000000 0.397046477 0.504940927 0.378743708 0.037098579 -0.094619527 0.051120166 0.993507683
327.000000 0.406074405 0.504245758 0.382601738 0.035495214 -0.098192073 0.050504368 0.993251085
328.000000 0.406170219 0.515316963 0.385171443 0.042242084 -0.096696682 0.052374370 0.993036866
329.000000 0.420168877 0.512785316 0.388368338 0.038146939 -0.103346162 0.051293232 0.992589235
330.000000 0.422706932 0.519673347 0.390253484 0.041268919 -0.103458405 0.052107409 0.992410243
331.000000 0.425507277 0.524975896 0.391975284 0.042636532 -0.103528291 0.051018372 0.992401719
332.000000 0.426666707 0.527707040 0.394693166 0.043362346 -0.103738107 0.051740896 0.992310941
333.000000 0.433903843 0.531883061 0.396871656 0.044985995 -0.107624471 0.052821327 0.991767704
334.000000 0.412264884 0.523717105 0.390013635 0.037632789 -0.092501700 0.053497095 0.993561924
335.000000 0.409687102 0.530714393 0.390192419 0.040367994 -0.090151824 0.055230826 0.993575692
336.000000 0.410821497 0.535551250 0.391114086 0.042310763 -0.090283856 0.055053208 0.993492723
337.000000 0.414360732 0.543134868 0.394044012 0.046014201 -0.092710473 0.055903338 0.993057013
338.000000 0.411444455 0.545921326 0.394086301 0.046209596 -0.090194881 0.056271970 0.993258774
339.000000 0.411457598 0.548832297 0.394856483 0.046160478 -0.089065015 0.055816896 0.993388712
