200.000000 0.020830435 0.033626244 -0.175595969 0.066022438 -0.024839625 0.001884831
200.100000 0.029234692 0.047816469 -0.248410123 0.054192601 -0.020090226 0.001428849
200.200000 0.033305512 0.056033950 -0.290134817 0.032736482 -0.011539008 0.000626364
200.300000 0.025031275 0.044608341 -0.231449515 0.015449958 -0.004772390 0.000053479
200.400000 0.017681197 0.034492269 -0.179120660 0.001871500 0.000422106 -0.000282667
200.500000 0.011289056 0.025573264 -0.132971873 -0.008433281 0.004242588 -0.000397950
200.600000 0.005853023 0.017762997 -0.092762442 -0.015873241 0.006873682 -0.000322000
200.700000 0.001344918 0.010990204 -0.058206085 -0.020832956 0.008487702 -0.000091411
200.800000 -0.002282084 0.005194780 -0.028985022 -0.023673653 0.009245636 0.000255068
200.900000 -0.005087238 0.000323060 -0.004760662 -0.024733815 0.009297811 0.000679798
201.000000 -0.007137357 -0.003675775 0.014818263 -0.024329545 0.008784224 0.001148302
201.100000 -0.008503143 -0.006852296 0.030109554 -0.022754733 0.007834621 0.001630394
201.200000 -0.009256557 -0.009258563 0.041473029 -0.020281077 0.006568415 0.002100634
201.300000 -0.009469078 -0.010949165 0.049267359 -0.017158029 0.005094511 0.002538305
201.400000 -0.009210688 -0.011981713 0.053848051 -0.013612682 0.003511125 0.002927090
201.500000 -0.008549425 -0.012416897 0.055566388 -0.009849655 0.001905611 0.003254584
201.600000 -0.007551374 -0.012318258 0.054769139 -0.006050979 0.000354324 0.003511760
201.700000 -0.006280938 -0.011751741 0.051798863 -0.002376015 -0.001077462 0.003692465
201.800000 -0.004801304 -0.010785133 0.046994632 0.001038600 -0.002335613 0.003793000
201.900000 -0.003174983 -0.009487443 0.040693011 0.004078972 -0.003377143 0.003811825
202.000000 -0.001464361 -0.007928289 0.033229136 0.006653940 -0.004170214 0.003749397
202.100000 0.000267809 -0.006177328 0.024937768 0.008695039 -0.004694098 0.003608134
202.200000 0.001958014 -0.004303779 0.016154210 0.010156444 -0.004939140 0.003392497
202.300000 0.003541728 -0.002376058 0.007215020 0.011014903 -0.004906701 0.003109158
202.400000 0.004953301 -0.000461547 -0.001541539 0.011269677 -0.004609102 0.002767216
202.500000 0.006126007 0.001373490 -0.009775333 0.010942472 -0.004069568 0.002378438
202.600000 0.006992235 0.003063845 -0.017144464 0.010077400 -0.003322181 0.001957482
202.700000 0.007483798 0.004545166 -0.023305630 0.008740947 -0.002411853 0.001522066
202.800000 0.007532335 0.005753649 -0.027914684 0.007021972 -0.001394316 0.001093073
202.900000 0.007070241 0.006625938 -0.030629119 0.005031727 -0.000336153 0.000694549
203.000000 0.006044586 0.007106617 -0.031157146 0.002903671 0.000685294 0.000353575
203.100000 0.004462973 0.007174422 -0.029421286 0.000787367 0.001585595 0.000098725
203.200000 0.002426246 0.006860995 -0.025675080 -0.001172449 0.002285922 -0.000044797
203.300000 0.000095800 0.006232038 -0.020386417 -0.002856814 0.002725769 -0.000060008
203.400000 -0.002352510 0.005361191 -0.014073910 -0.004178711 0.002866680 0.000060381
203.500000 -0.004742516 0.004322657 -0.007257826 -0.005083323 0.002692428 0.000313930
203.600000 -0.006898731 0.003191271 -0.000457714 -0.005548101 0.002209089 0.000688598
203.700000 -0.008646621 0.002042676 0.005807941 -0.005582810 0.001445147 0.001162938
203.800000 -0.009812638 0.000953284 0.011021794 -0.005229573 0.000451580 0.001706302
203.900000 -0.010224929 -0.000000184 0.014669595 -0.004562861 -0.000698071 0.002279015
204.000000 -0.009736957 -0.000747772 0.016297708 -0.003689182 -0.001907878 0.002832566
204.100000 -0.008307743 -0.001249417 0.015707781 -0.002740001 -0.003065059 0.003312327
204.200000 -0.006058901 -0.001511525 0.013095669 -0.001847835 -0.004058823 0.003666706
204.300000 -0.003216616 -0.001570731 0.008911847 -0.001122401 -0.004799247 0.003856241
204.400000 -0.000031057 -0.001470856 0.003666454 -0.000643636 -0.005222859 0.003856170
204.500000 0.003247251 -0.001255793 -0.002128265 -0.000461501 -0.005292857 0.003656482
204.600000 0.006368079 -0.000969017 -0.007959803 -0.000596091 -0.004999086 0.003261938
204.700000 0.009081402 -0.000653547 -0.013315241 -0.001037751 -0.004358003 0.002692148
204.800000 0.011137483 -0.000352120 -0.017681287 -0.001747199 -0.003412634 0.001981643
204.900000 0.012288230 -0.000107393 -0.020546524 -0.002655597 -0.002232581 0.001179904
205.000000 0.012317815 0.000041627 -0.021456735 -0.003664810 -0.000913852 0.000351170
205.100000 0.011144968 0.000072874 -0.020200578 -0.004653756 0.000426887 -0.000429354
205.200000 0.008895569 -0.000008923 -0.016942061 -0.005500102 0.001672135 -0.001088123
205.300000 0.005829025 -0.000181440 -0.012087874 -0.006101949 0.002723429 -0.001565818
205.400000 0.002235578 -0.000417810 -0.006101616 -0.006384156 0.003507213 -0.001821013
205.500000 -0.001594364 -0.000690188 0.000551598 -0.006298552 0.003975130 -0.001830229
205.600000 -0.005371532 -0.000969581 0.007407461 -0.005823969 0.004104172 -0.001587770
205.700000 -0.008807748 -0.001225754 0.014002604 -0.004966314 0.003896829 -0.001105502
205.800000 -0.011615603 -0.001427400 0.019874516 -0.003758643 0.003381253 -0.000412640
205.900000 -0.013509096 -0.001542665 0.024562849 -0.002261233 0.002611346 0.000444415
206.000000 -0.014235343 -0.001543010 0.027651146 -0.000561419 0.001666606 0.001402282
206.100000 -0.013683266 -0.001414850 0.028908314 0.001231523 0.000646850 0.002384273
206.200000 -0.011961447 -0.001167806 0.028389556 0.003003836 -0.000345661 0.003312949
206.300000 -0.009320274 -0.000826743 0.026334845 0.004654740 -0.001224117 0.004122643
206.400000 -0.006043158 -0.000420350 0.023027225 0.006101582 -0.001922509 0.004763027
206.500000 -0.002414777 0.000022610 0.018751095 0.007280033 -0.002395872 0.005199173
206.600000 0.001279481 0.000473876 0.013791020 0.008144066 -0.002620277 0.005411589
206.700000 0.004753031 0.000906036 0.008432019 0.008665894 -0.002592733 0.005396336
206.800000 0.007717821 0.001292745 0.002959710 0.008835909 -0.002331056 0.005165204
206.900000 0.009885460 0.001608866 -0.002340275 0.008662613 -0.001873705 0.004745920
207.000000 0.010998628 0.001832843 -0.007198611 0.008172493 -0.001279467 0.004182229
207.100000 0.010936770 0.001954651 -0.011417116 0.007407809 -0.000623181 0.003530994
207.200000 0.009792145 0.001981106 -0.014908040 0.006419161 0.000018446 0.002851851
207.300000 0.007795507 0.001929466 -0.017655227 0.005258077 0.000580922 0.002196734
207.400000 0.005211168 0.001819065 -0.019659496 0.003974872 0.001016008 0.001606662
207.500000 0.002305620 0.001668955 -0.020922365 0.002618600 0.001291751 0.001111473
207.600000 -0.000653927 0.001497907 -0.021445387 0.001237061 0.001392391 0.000729709
207.700000 -0.003399901 0.001324486 -0.021230101 -0.000123208 0.001318289 0.000468541
207.800000 -0.005664736 0.001167087 -0.020278041 -0.001416949 0.001085900 0.000323751
207.900000 -0.007182308 0.001043856 -0.018591164 -0.002600191 0.000727777 0.000279757
208.000000 -0.007718088 0.000970627 -0.016182694 -0.003630308 0.000292476 0.000309777
208.100000 -0.007169972 0.000954035 -0.013113498 -0.004467215 -0.000158860 0.000378161
208.200000 -0.005640003 0.000986702 -0.009518038 -0.005077472 -0.000564328 0.000448098
208.300000 -0.003362005 0.001052333 -0.005578342 -0.005438378 -0.000873108 0.000489261
208.400000 -0.000600525 0.001132762 -0.001487515 -0.005539181 -0.001048959 0.000480020
208.500000 0.002379240 0.001210095 0.002561185 -0.005381118 -0.001070374 0.000407459
208.600000 0.005312616 0.001266840 0.006374834 -0.004977440 -0.000930629 0.000267292
208.700000 0.007935432 0.001285882 0.009760846 -0.004353424 -0.000637823 0.000063765
208.800000 0.009983897 0.001250391 0.012526881 -0.003546393 -0.000214923 -0.000190420
208.900000 0.011195598 0.001143779 0.014481482 -0.002605723 0.000300213 -0.000474161
209.000000 0.011341156 0.000952472 0.015455292 -0.001592733 0.000854962 -0.000758052
209.100000 0.010331422 0.000675734 0.015373091 -0.000577860 0.001385451 -0.001006499
209.200000 0.008294034 0.000332735 0.014305331 0.000368905 0.001828536 -0.001184978
209.300000 0.005496683 -0.000044497 0.012416675 0.001187575 0.002133779 -0.001267276
209.400000 0.002239885 -0.000420890 0.009893967 0.001830967 0.002266973 -0.001237587
209.500000 -0.001174638 -0.000761140 0.006924999 0.002264789 0.002210275 -0.001090577
209.600000 -0.004444925 -0.001029710 0.003697849 0.002467615 0.001962181 -0.000831418
209.700000 -0.007268669 -0.001190809 0.000400946 0.002430846 0.001537482 -0.000475844
209.800000 -0.009343202 -0.001208438 -0.002776957 0.002158686 0.000967231 -0.000050219
209.900000 -0.010367039 -0.001046775 -0.005647369 0.001668131 0.000298703 0.000408401
210.000000 -0.010078969 -0.000677186 -0.008034948 0.000988916 -0.000404763 0.000852356
210.100000 -0.008389424 -0.000101464 -0.009820567 0.000161923 -0.001067786 0.001226412
210.200000 -0.005474399 0.000631682 -0.010972017 -0.000766328 -0.001616645 0.001478147
210.300000 -0.001681952 0.001443298 -0.011513299 -0.001749187 -0.001992967 0.001568357
210.400000 0.002599015 0.002247488 -0.011481617 -0.002741497 -0.002157711 0.001474162
210.500000 0.006977953 0.002958398 -0.010914573 -0.003699672 -0.002091297 0.001189158
210.600000 0.011064499 0.003490516 -0.009849691 -0.004581732 -0.001793625 0.000723410
210.700000 0.014468895 0.003758585 -0.008324498 -0.005347344 -0.001284139 0.000103404
210.800000 0.016802385 0.003677419 -0.006376669 -0.005957858 -0.000601915 -0.000628060
210.900000 0.017679351 0.003162196 -0.004044423 -0.006376321 0.000194217 -0.001411991
211.000000 0.016767193 0.002143398 -0.001372226 -0.006567516 0.001025732 -0.002173529
211.100000 0.013953706 0.000617990 0.001570631 -0.006499388 0.001799193 -0.002826511
211.200000 0.009465794 -0.001313684 0.004677241 -0.006147974 0.002422890 -0.003288662
211.300000 0.003748361 -0.003484056 0.007817139 -0.005502363 0.002823602 -0.003496627
211.400000 -0.002704159 -0.005709193 0.010855408 -0.004566152 0.002951667 -0.003410247
211.500000 -0.009397722 -0.007803724 0.013658346 -0.003357528 0.002781358 -0.003012517
211.600000 -0.015840186 -0.009581284 0.016093508 -0.001909322 0.002311058 -0.002309406
211.700000 -0.021540531 -0.010854625 0.018029216 -0.000269071 0.001563379 -0.001329716
211.800000 -0.026007684 -0.011435949 0.019333787 0.001500930 0.000585197 -0.000125029
211.900000 -0.028751163 -0.011138503 0.019875265 0.003323608 -0.000552408 0.001230239
212.000000 -0.029335144 -0.009805625 0.019539422 0.005107291 -0.001754543 0.002638872
212.100000 -0.027564661 -0.007406992 0.018293245 0.006750269 -0.002908308 0.003985951
212.200000 -0.023619872 -0.004106997 0.016231271 0.008156152 -0.003901971 0.005156857
212.300000 -0.017924559 -0.000195810 0.013531432 0.009249216 -0.004644021 0.006055388
212.400000 -0.010961348 0.004007005 0.010392610 0.009978899 -0.005068732 0.006609125
212.500000 -0.003217958 0.008181497 0.007016885 0.010319920 -0.005136253 0.006769772
212.600000 0.004813798 0.012008869 0.003609638 0.010272204 -0.004832373 0.006513392
212.700000 0.012637788 0.015171787 0.000379775 0.009860784 -0.004168230 0.005840705
212.800000 0.019754198 0.017354429 -0.002460650 0.009135722 -0.003179994 0.004777375
212.900000 0.025662518 0.018243783 -0.004698188 0.008172053 -0.001928601 0.003374256
213.000000 0.029907051 0.017570109 -0.006142053 0.007069560 -0.000499372 0.001707379
213.100000 0.032226066 0.015244181 -0.006702498 0.005946916 0.001003113 -0.000126357
213.200000 0.032658648 0.011455079 -0.006447303 0.004921643 0.002472184 -0.002024132
213.300000 0.031440029 0.006571260 -0.005547435 0.004090093 0.003816124 -0.003892254
213.400000 0.028853293 0.001002639 -0.004199467 0.003521614 0.004963016 -0.005650719
213.500000 0.025183862 -0.004840104 -0.002601675 0.003258355 0.005860776 -0.007233507
213.600000 0.020716105 -0.010546689 -0.000952346 0.003315228 0.006477076 -0.008588626
213.700000 0.015731990 -0.015706836 0.000550616 0.003679833 0.006799330 -0.009678119
213.800000 0.010510315 -0.019909843 0.001709562 0.004312340 0.006834724 -0.010478031
213.900000 0.005325994 -0.022745864 0.002327298 0.005145359 0.006610255 -0.010978404
214.000000 0.000434300 -0.023851099 0.002227555 0.006084019 0.006172622 -0.011183255
214.100000 -0.003982648 -0.023061087 0.001326405 0.007011744 0.005584735 -0.011109196
214.200000 -0.007852904 -0.020520606 -0.000315771 0.007810279 0.004913821 -0.010780520
214.300000 -0.011173760 -0.016574596 -0.002544322 0.008379818 0.004219543 -0.010224248
214.400000 -0.013956391 -0.011615086 -0.005181122 0.008645011 0.003550464 -0.009468667
214.500000 -0.016209840 -0.006035934 -0.008045024 0.008555317 0.002943855 -0.008543252
214.600000 -0.017940936 -0.000231343 -0.010952020 0.008085113 0.002425634 -0.007478594
214.700000 -0.019154969 0.005404013 -0.013715058 0.007233795 0.002010324 -0.006306303
214.800000 -0.019856410 0.010474956 -0.016144354 0.006025835 0.001701037 -0.005058892
214.900000 -0.020049749 0.014587221 -0.018048762 0.004510821 0.001489495 -0.003769671
215.000000 -0.019744287 0.017384311 -0.019252034 0.002763306 0.001356155 -0.002472643
215.100000 -0.018968781 0.018671412 -0.019645016 0.000878587 0.001272194 -0.001201779
215.200000 -0.017781899 0.018503932 -0.019223248 -0.001041634 0.001206080 0.000011284
215.300000 -0.016262077 0.017099204 -0.018051220 -0.002903617 0.001130139 0.001139521
215.400000 -0.014493041 0.014712762 -0.016211175 -0.004625828 0.001022547 0.002161137
215.500000 -0.012559200 0.011601608 -0.013787176 -0.006139135 0.000867451 0.003059552
215.600000 -0.010545119 0.008022805 -0.010863584 -0.007386818 0.000654998 0.003823390
215.700000 -0.008535196 0.004233433 -0.007524168 -0.008324570 0.000381319 0.004446499
215.800000 -0.006613395 0.000490555 -0.003851367 -0.008920477 0.000048490 0.004927984
215.900000 -0.004862753 -0.002949510 0.000074031 -0.009154988 -0.000335529 0.005272270
216.000000 -0.003357264 -0.005850346 0.004167909 -0.009020870 -0.000757002 0.005489125
216.100000 -0.002135014 -0.008059998 0.008324978 -0.008522937 -0.001197362 0.005592891
216.200000 -0.001179232 -0.009557005 0.012405369 -0.007677238 -0.001636234 0.005599674
216.300000 -0.000437778 -0.010404155 0.016246304 -0.006510268 -0.002054420 0.005524513
216.400000 0.000149832 -0.010683873 0.019679214 -0.005058736 -0.002434769 0.005380507
216.500000 0.000644364 -0.010479116 0.022534677 -0.003369564 -0.002762201 0.005178743
216.600000 0.001106488 -0.009872766 0.024642403 -0.001499901 -0.003023687 0.004928244
216.700000 0.001596689 -0.008947770 0.025831092 0.000482866 -0.003208225 0.004635921
216.800000 0.002175195 -0.007787291 0.025928391 0.002501090 -0.003306817 0.004306538
216.900000 0.002901587 -0.006474745 0.024762032 0.004466850 -0.003312452 0.003942680
217.000000 0.003826367 -0.005090417 0.022189479 0.006282075 -0.003220090 0.003544766
217.100000 0.004962748 -0.003699602 0.018197649 0.007842505 -0.003026803 0.003111534
217.200000 0.006266616 -0.002343785 0.012974408 0.009051216 -0.002732278 0.002641702
217.300000 0.007656751 -0.001048619 0.006838120 0.009832164 -0.002339318 0.002135648
217.400000 0.009043000 0.000164526 0.000138654 0.010134147 -0.001853964 0.001595942
217.500000 0.010334640 0.001275191 -0.006771874 0.009930959 -0.001285469 0.001027430
217.600000 0.011440721 0.002263738 -0.013540140 0.009221391 -0.000646268 0.000437291
217.700000 0.012270168 0.003111286 -0.019811746 0.008029231 0.000048049 -0.000164914
217.800000 0.012731899 0.003799535 -0.025231540 0.006403277 0.000778741 -0.000767214
217.900000 0.012735458 0.004310577 -0.029445350 0.004417338 0.001523916 -0.001355235
218.000000 0.012204071 0.004628778 -0.032134852 0.002170074 0.002258528 -0.001912258
218.100000 0.011118306 0.004747923 -0.033133761 -0.000219790 0.002955359 -0.002420107
218.200000 0.009547306 0.004676331 -0.032510782 -0.002629803 0.003588432 -0.002862060
218.300000 0.007617734 0.004431567 -0.030486961 -0.004950118 0.004136439 -0.003225762
218.400000 0.005470081 0.004033211 -0.027319735 -0.007088291 0.004583717 -0.003504124
218.500000 0.003245490 0.003500961 -0.023268210 -0.008969459 0.004920278 -0.003695390
218.600000 0.001085019 0.002854847 -0.018591468 -0.010536342 0.005141835 -0.003803132
218.700000 -0.000870559 0.002115479 -0.013548193 -0.011749256 0.005249857 -0.003836209
218.800000 -0.002480899 0.001304224 -0.008396364 -0.012586123 0.005251641 -0.003808707
218.900000 -0.003606756 0.000443319 -0.003392449 -0.013042486 0.005160389 -0.003739855
219.000000 -0.004126537 -0.000443772 0.001224862 -0.013131447 0.004995240 -0.003653883
219.100000 -0.003992046 -0.001331404 0.005289090 -0.012881742 0.004780202 -0.003578518
219.200000 -0.003268128 -0.002191455 0.008744544 -0.012331147 0.004540303 -0.003540061
219.300000 -0.002092457 -0.002994605 0.011607002 -0.011519880 0.004297692 -0.003558526
219.400000 -0.000619491 -0.003711604 0.013909001 -0.010488666 0.004070411 -0.003646248
219.500000 0.000996124 -0.004313580 0.015683561 -0.009278663 0.003872269 -0.003807893
219.600000 0.002600101 -0.004772021 0.016963495 -0.007931467 0.003712760 -0.004040510
219.700000 0.004038389 -0.005058738 0.017781316 -0.006489106 0.003597009 -0.004333579
219.800000 0.005157018 -0.005145844 0.018169149 -0.004994054 0.003525736 -0.004669055
219.900000 0.005802538 -0.005005910 0.018158658 -0.003489227 0.003495252 -0.005021393
220.000000 0.005838607 -0.004616660 0.017781160 -0.002017965 0.003497501 -0.005357629
220.100000 0.005202346 -0.003976746 0.017068211 -0.000623207 0.003520751 -0.005639265
220.200000 0.003944704 -0.003116882 0.016052168 0.000655320 0.003551860 -0.005828679
220.300000 0.002190315 -0.002088357 0.014766020 0.001783934 0.003578539 -0.005895534
220.400000 0.000081238 -0.000947146 0.013243033 0.002735835 0.003590048 -0.005818636
220.500000 -0.002239607 0.000250779 0.011516754 0.003491161 0.003577218 -0.005585994
220.600000 -0.004628927 0.001449617 0.009621149 0.004037014 0.003532433 -0.005194813
220.700000 -0.006942984 0.002593728 0.007590690 0.004367478 0.003449585 -0.004651490
220.800000 -0.009037588 0.003627610 0.005460382 0.004483641 0.003324019 -0.003971622
220.900000 -0.010768643 0.004496049 0.003265765 0.004393606 0.003152475 -0.003180012
221.000000 -0.012005156 0.005148788 0.001043711 0.004112466 0.002933032 -0.002310609
221.100000 -0.012672854 0.005556351 -0.001164751 0.003661512 0.002665136 -0.001404666
221.200000 -0.012785443 0.005721333 -0.003312579 0.003065519 0.002349781 -0.000504430
221.300000 -0.012413756 0.005667064 -0.005349084 0.002350029 0.001989736 0.000353166
221.400000 -0.011642364 0.005421758 -0.007222982 0.001540538 0.001589648 0.001138353
221.500000 -0.010556662 0.005013812 -0.008883250 0.000662445 0.001156099 0.001828588
221.600000 -0.009242326 0.004471634 -0.010279100 -0.000258954 0.000697644 0.002408563
221.700000 -0.007785239 0.003823634 -0.011359908 -0.001198456 0.000224847 0.002870205
221.800000 -0.006271404 0.003098204 -0.012075152 -0.002130939 -0.000249703 0.003212701
221.900000 -0.004786644 0.002323692 -0.012374598 -0.003031343 -0.000711389 0.003442506
222.000000 -0.003410794 0.001528115 -0.012215230 -0.003874659 -0.001143609 0.003573328
222.100000 -0.002198318 0.000738290 -0.011584752 -0.004636418 -0.001528562 0.003624960
222.200000 -0.001164468 -0.000020759 -0.010518409 -0.005294411 -0.001849853 0.003619256
222.300000 -0.000299058 -0.000725155 -0.009082177 -0.005830424 -0.002095093 0.003576086
222.400000 0.000414230 -0.001351275 -0.007349201 -0.006230768 -0.002256663 0.003512141
222.500000 0.000992118 -0.001875475 -0.005392780 -0.006486307 -0.002331740 0.003440865
222.600000 0.001451492 -0.002274051 -0.003286088 -0.006592487 -0.002322298 0.003372427
222.700000 0.001809387 -0.002523221 -0.001102174 -0.006549350 -0.002235090 0.003313688
222.800000 0.002082957 -0.002599102 0.001086022 -0.006361556 -0.002081636 0.003268172
222.900000 0.002289411 -0.002477908 0.003205687 -0.006038397 -0.001878202 0.003236026
223.000000 0.002445109 -0.002141687 0.005185546 -0.005593802 -0.001645739 0.003214028
223.100000 0.002562558 -0.001597699 0.006960730 -0.005045954 -0.001408585 0.003196125
223.200000 0.002648180 -0.000892265 0.008476209 -0.004415959 -0.001190114 0.003175350
223.300000 0.002704296 -0.000096953 0.009683221 -0.003726512 -0.001008384 0.003145761
223.400000 0.002732054 0.000710754 0.010534362 -0.003001482 -0.000874874 0.003103034
223.500000 0.002732344 0.001453177 0.010982180 -0.002265883 -0.000794442 0.003044518
223.600000 0.002705887 0.002052606 0.010979177 -0.001545859 -0.000765329 0.002969255
223.700000 0.002653281 0.002431270 0.010477877 -0.000868674 -0.000779168 0.002877992
223.800000 0.002575050 0.002511311 0.009430878 -0.000262693 -0.000820978 0.002773184
223.900000 0.002471656 0.002215204 0.007791574 0.000242623 -0.000869166 0.002658981
224.000000 0.002342898 0.001477478 0.005532488 0.000616805 -0.000895592 0.002541205
224.100000 0.002185845 0.000284221 0.002706967 0.000830302 -0.000867579 0.002427029
224.200000 0.001993410 -0.001298637 -0.000506831 0.000861030 -0.000754757 0.002323910
224.300000 0.001755879 -0.003153447 -0.003850147 0.000700899 -0.000535915 0.002238550
224.400000 0.001462991 -0.005150291 -0.007045412 0.000357713 -0.000201021 0.002176602
224.500000 0.001104527 -0.007158701 -0.009814583 -0.000144780 0.000248696 0.002142687
224.600000 0.000670327 -0.009048160 -0.011879809 -0.000766911 0.000800733 0.002140412
224.700000 0.000150289 -0.010688185 -0.012963393 -0.001453102 0.001431307 0.002172371
224.800000 -0.000465644 -0.011948444 -0.012787721 -0.002131867 0.002105345 0.002240125
224.900000 -0.001187318 -0.012699391 -0.011077028 -0.002715815 0.002776482 0.002344161
225.000000 -0.002019276 -0.012826730 -0.007607092 -0.003101872 0.003387196 0.002483824
225.100000 -0.002943405 -0.012279852 -0.002372952 -0.003177508 0.003872290 0.002657100
225.200000 -0.003906483 -0.011106180 0.004291385 -0.002842004 0.004170776 0.002860081
225.300000 -0.004832605 -0.009416143 0.011832934 -0.002027716 0.004237746 0.003086489
225.400000 -0.005640577 -0.007334516 0.019647502 -0.000706326 0.004047878 0.003327646
225.500000 -0.006248949 -0.004986110 0.027129301 0.001110907 0.003595574 0.003572616
225.600000 -0.006575900 -0.002495545 0.033672522 0.003373133 0.002894949 0.003808328
225.700000 -0.006538820 0.000012226 0.038671000 0.005989902 0.001979809 0.004019633
225.800000 -0.006053839 0.002411215 0.041517857 0.008831185 0.000903605 0.004189229
225.900000 -0.005036047 0.004573957 0.041608304 0.011727422 -0.000260617 0.004297444
226.000000 -0.003417458 0.006380881 0.038422913 0.014470015 -0.001420477 0.004321913
226.100000 -0.001208824 0.007754523 0.031808964 0.016822696 -0.002469646 0.004238712
226.200000 0.001455096 0.008685754 0.022182051 0.018559981 -0.003306017 0.004027448
226.300000 0.004357720 0.009211856 0.010326522 0.019505553 -0.003849793 0.003676682
226.400000 0.007260907 0.009383851 -0.002884545 0.019543479 -0.004048643 0.003185809
226.500000 0.009922629 0.009257058 -0.016572124 0.018618517 -0.003877682 0.002565626
226.600000 0.012097691 0.008890925 -0.029854278 0.016736004 -0.003339227 0.001838965
226.700000 0.013538363 0.008348672 -0.041846732 0.013961725 -0.002462587 0.001041325
226.800000 0.013995580 0.007696370 -0.051663989 0.010421831 -0.001303959 0.000221392
226.900000 0.013222063 0.007001356 -0.058424468 0.006302793 0.000053550 -0.000558689
227.000000 0.011015165 0.006325658 -0.061349849 0.001850930 0.001499959 -0.001223523
227.100000 0.007356889 0.005707842 -0.060095740 -0.002641096 0.002904659 -0.001689416
227.200000 0.002513462 0.005150424 -0.054987334 -0.006880517 0.004138525 -0.001880579
227.300000 -0.003064538 0.004632404 -0.046783280 -0.010620714 0.005096117 -0.001745348
227.400000 -0.008882917 0.004127401 -0.036344664 -0.013674769 0.005702240 -0.001261172
227.500000 -0.014447356 0.003610130 -0.024535436 -0.015915995 0.005912458 -0.000434838
227.600000 -0.019266760 0.003057725 -0.012217218 -0.017278018 0.005713612 0.000697828
227.700000 -0.022854222 0.002450263 -0.000248284 -0.017754893 0.005124476 0.002072514
227.800000 -0.024727007 0.001770670 0.010516795 -0.017401219 0.004196394 0.003597097
227.900000 -0.024408308 0.001004206 0.019229934 -0.016332196 0.003013793 0.005152305
228.000000 -0.021498285 0.000141187 0.025132054 -0.014723175 0.001694197 0.006592538
228.100000 -0.015916708 -0.000811756 0.027832655 -0.012797728 0.000380815 0.007754660
228.200000 -0.008075300 -0.001823809 0.027508577 -0.010787231 -0.000783115 0.008486971
228.300000 0.001298543 -0.002848839 0.024702136 -0.008890473 -0.001680328 0.008677820
228.400000 0.011405868 -0.003836787 0.020040462 -0.007261788 -0.002227630 0.008263584
228.500000 0.021447135 -0.004736284 0.014153020 -0.006010611 -0.002376576 0.007228579
228.600000 0.030623386 -0.005494296 0.007669260 -0.005201543 -0.002113600 0.005604882
228.700000 0.038135289 -0.006056394 0.001218977 -0.004854450 -0.001459969 0.003472292
228.800000 0.043182888 -0.006367790 -0.004567797 -0.004944585 -0.000471680 0.000958391
228.900000 0.044970005 -0.006375276 -0.009063607 -0.005402709 0.000760568 -0.001761420
229.000000 0.042812180 -0.006037301 -0.011705530 -0.006115510 0.002111539 -0.004464441
229.100000 0.036498138 -0.005352694 -0.012201881 -0.006934356 0.003429223 -0.006893782
229.200000 0.026547260 -0.004379261 -0.010679132 -0.007704922 0.004562073 -0.008802662
229.300000 0.013950934 -0.003211041 -0.007533469 -0.008296763 0.005386449 -0.009998617
229.400000 -0.000189336 -0.001947791 -0.003223270 -0.008611906 0.005814867 -0.010356397
229.500000 -0.014770056 -0.000684722 0.001793171 -0.008585064 0.005796706 -0.009818261
229.600000 -0.028690503 0.000488798 0.007060515 -0.008183531 0.005318814 -0.008393664
229.700000 -0.040852994 0.001488918 0.012126290 -0.007407124 0.004406189 -0.006158882
229.800000 -0.050162448 0.002235633 0.016540142 -0.006288170 0.003122599 -0.003256637
229.900000 -0.055530129 0.002650393 0.019854200 -0.004891547 0.001571008 0.000104174
230.000000 -0.056003425 0.002663251 0.021666879 -0.003314503 -0.000106633 0.003649169
230.100000 -0.051206914 0.002245499 0.021774474 -0.001680069 -0.001738423 0.007054334
230.200000 -0.041657270 0.001434560 0.020279890 -0.000114415 -0.003153031 0.010000128
230.300000 -0.028446810 0.000311274 0.017484180 0.001275807 -0.004210372 0.012225506
230.400000 -0.012801913 -0.001031737 0.013735261 0.002410098 -0.004810941 0.013543592
230.500000 0.004046674 -0.002497124 0.009384226 0.003234356 -0.004896329 0.013842190
230.600000 0.020867277 -0.003980851 0.004784842 0.003720924 -0.004449061 0.013083893
230.700000 0.036426429 -0.005371432 0.000293938 0.003868667 -0.003492182 0.011306325
230.800000 0.049488591 -0.006550897 -0.003729114 0.003703065 -0.002088740 0.008622427
230.900000 0.058821177 -0.007397773 -0.006925065 0.003276301 -0.000341291 0.005220717
231.000000 0.063324064 -0.007801797 -0.008971892 0.002667103 0.001608728 0.001364868
231.100000 0.062464841 -0.007705051 -0.009705052 0.001975244 0.003589548 -0.002621824
231.200000 0.056590084 -0.007131036 -0.009202654 0.001302829 0.005427723 -0.006409611
231.300000 0.046615699 -0.006157485 -0.007699922 0.000735546 0.006976605 -0.009715537
231.400000 0.033592366 -0.004876206 -0.005469114 0.000337097 0.008124446 -0.012319215
231.500000 0.018576093 -0.003378505 -0.002782586 0.000148934 0.008794518 -0.014063496
231.600000 0.002622938 -0.001751697 0.000090036 0.000190238 0.008945115 -0.014854470
231.700000 -0.013211233 -0.000077064 0.002882791 0.000457942 0.008569696 -0.014661383
231.800000 -0.027870648 0.001570884 0.005333605 0.000926774 0.007697091 -0.013516522
231.900000 -0.040302296 0.003123932 0.007184581 0.001549318 0.006391656 -0.011515121
232.000000 -0.049540464 0.004522091 0.008202402 0.002256247 0.004753107 -0.008814972
232.100000 -0.054993587 0.005723329 0.008249209 0.002960577 0.002910417 -0.005626709
232.200000 -0.056649595 0.006709013 0.007332579 0.003572009 0.001001217 -0.002180600
232.300000 -0.054871119 0.007472570 0.005552711 0.004011249 -0.000848816 0.001306662
232.400000 -0.050108813 0.008006764 0.003030021 0.004214219 -0.002532133 0.004641628
232.500000 -0.042817076 0.008301106 -0.000115729 0.004132186 -0.003959643 0.007654420
232.600000 -0.033451913 0.008343255 -0.003765483 0.003731687 -0.005060691 0.010198775
232.700000 -0.022471745 0.008120662 -0.007800175 0.002994432 -0.005782910 0.012152172
232.800000 -0.010337856 0.007622100 -0.012100135 0.001917185 -0.006091966 0.013416025
232.900000 0.002485696 0.006839137 -0.016544497 0.000511661 -0.005971223 0.013915889
233.000000 0.015534804 0.005771872 -0.021006651 -0.001195593 -0.005421335 0.013601706
233.100000 0.028353892 0.004445615 -0.025339565 -0.003164420 -0.004458859 0.012448889
233.200000 0.040502809 0.002922142 -0.029365402 -0.005345124 -0.003112454 0.010461607
233.300000 0.051552915 0.001287018 -0.032886227 -0.007682436 -0.001419210 0.007675980
233.400000 0.061080555 -0.000368125 -0.035699183 -0.010116543 0.000576336 0.004160931
233.500000 0.068665456 -0.001952150 -0.037601636 -0.012582994 0.002821961 0.000018059
233.600000 0.073890967 -0.003376551 -0.038392287 -0.015012644 0.005257234 -0.004618591
233.700000 0.076344096 -0.004557512 -0.037872182 -0.017331719 0.007812774 -0.009582813
233.800000 0.075615277 -0.005417884 -0.035845665 -0.019461994 0.010409297 -0.014676595
233.900000 0.071300951 -0.005889296 -0.032122675 -0.021321076 0.012956534 -0.019670503
234.000000 0.063085832 -0.005923819 -0.026560301 -0.022822869 0.015352223 -0.024304550
234.100000 0.051021482 -0.005528023 -0.019200601 -0.023881429 0.017485041 -0.028300293
234.200000 0.035724303 -0.004781620 -0.010366225 -0.024423112 0.019247700 -0.031400884
234.300000 0.018173597 -0.003803394 -0.000556873 -0.024398382 0.020551127 -0.033410775
234.400000 -0.000569832 -0.002710179 0.009692318 -0.023784873 0.021329898 -0.034206959
234.500000 -0.019447511 -0.001603625 0.019853275 -0.022586971 0.021544214 -0.033738750
234.600000 -0.037406454 -0.000568871 0.029406826 -0.020835301 0.021181813 -0.032026996
234.700000 -0.053398448 0.000324503 0.037842053 -0.018586335 0.020259717 -0.029163236
234.800000 -0.066378467 0.001019708 0.044654853 -0.015922177 0.018825615 -0.025308931
234.900000 -0.075306819 0.001468783 0.049348070 -0.012950528 0.016958697 -0.020694890
235.000000 -0.079269253 0.001635671 0.051487371 -0.009804560 0.014769615 -0.015620407
235.100000 -0.077889022 0.001517761 0.050894141 -0.006636923 0.012394146 -0.010437129
235.200000 -0.071621899 0.001158916 0.047780963 -0.003598902 0.009972157 -0.005494204
235.300000 -0.061460446 0.000626998 0.042608819 -0.000819627 0.007626201 -0.001083676
235.400000 -0.048521060 -0.000010848 0.035892106 0.001599866 0.005454337 0.002575052
235.500000 -0.033923375 -0.000691364 0.028143046 0.003586792 0.003529159 0.005335352
235.600000 -0.018788068 -0.001350999 0.019871930 0.005096682 0.001897649 0.007123198
235.700000 -0.004238614 -0.001922693 0.011588997 0.006113551 0.000581522 0.007937230
235.800000 0.008597782 -0.002334164 0.003805686 0.006650091 -0.000422115 0.007848997
235.900000 0.018594440 -0.002508095 -0.002966439 0.006747846 -0.001139956 0.007003284
236.000000 0.024743041 -0.002372997 -0.008260530 0.006477143 -0.001621578 0.005617870
236.100000 0.026549863 -0.001898436 -0.011806004 0.005932202 -0.001934574 0.003968609
236.200000 0.024319637 -0.001121615 -0.013637315 0.005214392 -0.002149696 0.002337843
236.300000 0.018874867 -0.000125693 -0.013986850 0.004415411 -0.002326435 0.000962653
236.400000 0.011161320 0.000993480 -0.013134107 0.003612258 -0.002509177 0.000019573
236.500000 0.002130578 0.002138384 -0.011360737 0.002866983 -0.002727452 -0.000376076
236.600000 -0.007264842 0.003211292 -0.008948716 0.002226715 -0.002996211 -0.000170252
236.700000 -0.016072090 0.004114882 -0.006180347 0.001723734 -0.003315954 0.000629768
236.800000 -0.023338533 0.004752176 -0.003338494 0.001375553 -0.003672748 0.001955391
236.900000 -0.028115961 0.005026290 -0.000706252 0.001184957 -0.004038183 0.003676703
237.000000 -0.029563013 0.004851713 0.001453882 0.001140021 -0.004369442 0.005602970
237.100000 -0.027289567 0.004195360 0.002971999 0.001216003 -0.004612676 0.007495782
237.200000 -0.021602318 0.003107065 0.003823187 0.001382126 -0.004714583 0.009113904
237.300000 -0.013258140 0.001691322 0.004077300 0.001608429 -0.004633999 0.010258117
237.400000 -0.003119221 0.000066979 0.003827675 0.001867785 -0.004345319 0.010784376
237.500000 0.007949325 -0.001643961 0.003170235 0.002136062 -0.003838625 0.010604314
237.600000 0.019083230 -0.003316042 0.002202921 0.002392288 -0.003119630 0.009685265
237.700000 0.029418855 -0.004820263 0.001025537 0.002618869 -0.002209585 0.008050317
237.800000 0.038092766 -0.006024742 -0.000260806 0.002801810 -0.001145131 0.005778359
237.900000 0.044244558 -0.006796616 -0.001554823 0.002930874 0.000021864 0.003004141
238.000000 0.047107844 -0.007018495 -0.002761929 0.002999641 0.001224606 -0.000082107
238.100000 0.046318574 -0.006639617 -0.003814496 0.003005203 0.002385165 -0.003246362
238.200000 0.042135748 -0.005712034 -0.004685798 0.002947218 0.003426976 -0.006250729
238.300000 0.035221634 -0.004354786 -0.005375544 0.002826924 0.004287206 -0.008893409
238.400000 0.026333827 -0.002702990 -0.005889606 0.002646753 0.004920265 -0.011020476
238.500000 0.016234313 -0.000891432 -0.006233335 0.002410261 0.005297783 -0.012526377
238.600000 0.005686533 0.000947470 -0.006410567 0.002122150 0.005408484 -0.013353981
238.700000 -0.004544420 0.002684648 -0.006423148 0.001788369 0.005258067 -0.013494615
238.800000 -0.013691886 0.004194746 -0.006270837 0.001416265 0.004869137 -0.012988091
238.900000 -0.020990817 0.005356298 -0.005951597 0.001014746 0.004281160 -0.011922703
239.000000 -0.025754903 0.006063217 -0.005462863 0.000594409 0.003550334 -0.010434866
239.100000 -0.027635438 0.006264727 -0.004804726 0.000167517 0.002746137 -0.008699624
239.200000 -0.026806494 0.005992784 -0.003982633 -0.000252409 0.001939511 -0.006898353
239.300000 -0.023780920 0.005331063 -0.003006346 -0.000651052 0.001191058 -0.005186465
239.400000 -0.019152017 0.004373670 -0.001887515 -0.001013511 0.000547615 -0.003683924
239.500000 -0.013516546 0.003213658 -0.000638513 -0.001324369 0.000042153 -0.002474888
239.600000 -0.007471479 0.001943378 0.000728073 -0.001567740 -0.000306214 -0.001607705
239.700000 -0.001613645 0.000655080 0.002199824 -0.001727276 -0.000492259 -0.001094932
239.800000 0.003460514 -0.000558756 0.003764721 -0.001786155 -0.000524694 -0.000913353
239.900000 0.007157452 -0.001605655 0.005411014 -0.001727070 -0.000426235 -0.001004009
240.000000 0.008950928 -0.002401101 0.007122296 -0.001532251 -0.000233574 -0.001272514
240.100000 0.008599046 -0.002894966 0.008860987 -0.001184631 0.000005413 -0.001596803
240.200000 0.006299063 -0.003090301 0.010556454 -0.000671845 0.000241342 -0.001853454
240.300000 0.002531904 -0.003024489 0.012116556 0.000009766 0.000433073 -0.001943978
240.400000 -0.002155193 -0.002742828 0.013444022 0.000853979 0.000550649 -0.001802505
240.500000 -0.007213036 -0.002290569 0.014441382 0.001844656 0.000575487 -0.001396032
240.600000 -0.012092609 -0.001712545 0.015011211 0.002955754 0.000500443 -0.000724387
240.700000 -0.016244707 -0.001053266 0.015056105 0.004151339 0.000329804 0.000179779
240.800000 -0.019119480 -0.000357213 0.014478593 0.005385591 0.000079217 0.001250978
240.900000 -0.020168549 0.000330855 0.013181622 0.006602800 -0.000224493 0.002390827
241.000000 -0.018914046 0.000968627 0.011085863 0.007737453 -0.000543685 0.003468289
241.100000 -0.015182596 0.001526887 0.008188469 0.008717194 -0.000832843 0.004328325
241.200000 -0.009273237 0.001997798 0.004605284 0.009472969 -0.001047700 0.004821703
241.300000 -0.001791546 0.002388204 0.000529278 0.009949211 -0.001154123 0.004834880
241.400000 0.006583360 0.002709617 -0.003827819 0.010106863 -0.001130459 0.004298842
241.500000 0.015167710 0.002975429 -0.008252659 0.009923562 -0.000967224 0.003189553
241.600000 0.023275490 0.003200813 -0.012530862 0.009393722 -0.000666622 0.001528088
241.700000 0.030218653 0.003402285 -0.016447242 0.008528597 -0.000242057 -0.000619228
241.800000 0.035307698 0.003596820 -0.019786300 0.007356286 0.000282280 -0.003140701
241.900000 0.037855672 0.003800511 -0.022333703 0.005921671 0.000871663 -0.005879202
242.000000 0.037263524 0.004024338 -0.023897948 0.004286150 0.001480982 -0.008632577
242.100000 0.033305305 0.004263707 -0.024381249 0.002524523 0.002057306 -0.011165264
242.200000 0.026332045 0.004492273 -0.023829612 0.000714942 0.002548856 -0.013247824
242.300000 0.017069037 0.004670781 -0.022381654 -0.001071015 0.002913832 -0.014696504
242.400000 0.006331032 0.004758567 -0.020197163 -0.002771150 0.003122695 -0.015384928
242.500000 -0.005063248 0.004717811 -0.017435411 -0.004332530 0.003158039 -0.015244584
242.600000 -0.016295491 0.004514520 -0.014253919 -0.005711174 0.003014646 -0.014264824
242.700000 -0.026548956 0.004118740 -0.010808442 -0.006871731 0.002699780 -0.012492786
242.800000 -0.035009382 0.003504053 -0.007253371 -0.007787218 0.002233665 -0.010033278
242.900000 -0.040868800 0.002646708 -0.003742166 -0.008438873 0.001650084 -0.007048628
243.000000 -0.043413272 0.001531161 -0.000419604 -0.008816179 0.000996875 -0.003758060
243.100000 -0.042317594 0.000172248 0.002606722 -0.008916729 0.000333498 -0.000425003
243.200000 -0.037854575 -0.001369188 0.005287067 -0.008745400 -0.000278881 0.002685747
243.300000 -0.030682094 -0.003003624 0.007609049 -0.008313530 -0.000787749 0.005350749
243.400000 -0.021546444 -0.004635701 0.009569235 -0.007638786 -0.001152714 0.007400352
243.500000 -0.011194083 -0.006169820 0.011165349 -0.006745176 -0.001346167 0.008719020
243.600000 -0.000368274 -0.007509113 0.012396574 -0.005662935 -0.001353814 0.009245198
243.700000 0.010190525 -0.008554607 0.013263773 -0.004428294 -0.001175125 0.008971206
243.800000 0.019743822 -0.009204953 0.013769267 -0.003083228 -0.000823656 0.007943155
243.900000 0.027556396 -0.009357234 0.013916278 -0.001675221 -0.000327206 0.006260920
244.000000 0.032962372 -0.008921648 0.013709892 -0.000257050 0.000272286 0.004077778
244.100000 0.035591299 -0.007869536 0.013162472 0.001114935 0.000921448 0.001590653
244.200000 0.035529758 -0.006268072 0.012297622 0.002386527 0.001564332 -0.000993244
244.300000 0.033159103 -0.004247393 0.011145692 0.003511281 0.002151298 -0.003489764
244.400000 0.028929054 -0.001953509 0.009737965 0.004452029 0.002641760 -0.005747579
244.500000 0.023291486 0.000466246 0.008105562 0.005180812 0.003004401 -0.007648511
244.600000 0.016699111 0.002864437 0.006280152 0.005678820 0.003217165 -0.009107543
244.700000 0.009606372 0.005094185 0.004294602 0.005936403 0.003267157 -0.010072857
244.800000 0.002469981 0.007009672 0.002183386 0.005953149 0.003150471 -0.010525891
244.900000 -0.004252149 0.008466994 -0.000017211 0.005738005 0.002871969 -0.010481404
245.000000 -0.010133227 0.009338769 -0.002267544 0.005309369 0.002445022 -0.009987359
245.100000 -0.014886373 0.009562793 -0.004519414 0.004694062 0.001890299 -0.009120243
245.200000 -0.018443042 0.009176345 -0.006712900 0.003923469 0.001232147 -0.007968934
245.300000 -0.020876949 0.008280637 -0.008781247 0.003029619 0.000495095 -0.006618552
245.400000 -0.022296413 0.006991636 -0.010656890 0.002043983 -0.000297108 -0.005145705
245.500000 -0.022812237 0.005425458 -0.012273141 0.000997388 -0.001121445 -0.003618287
245.600000 -0.022536309 0.003697785 -0.013564111 -0.000080041 -0.001955534 -0.002095450
245.700000 -0.021581301 0.001923846 -0.014464499 -0.001158918 -0.002777537 -0.000627577
245.800000 -0.020060332 0.000218425 -0.014909340 -0.002210625 -0.003566089 0.000743758
245.900000 -0.018086503 -0.001304445 -0.014834062 -0.003207320 -0.004300235 0.001985814
246.000000 -0.015769311 -0.002540217 -0.014183285 -0.004121956 -0.004959411 0.003074696
246.100000 -0.013203448 -0.003423365 -0.012941174 -0.004928682 -0.005523789 0.003994731
246.200000 -0.010460955 -0.003948373 -0.011153245 -0.005604281 -0.005975499 0.004736299
246.300000 -0.007599217 -0.004148414 -0.008904648 -0.006129605 -0.006299870 0.005293648
246.400000 -0.004672043 -0.004065602 -0.006289691 -0.006490002 -0.006485811 0.005664237
246.500000 -0.001732967 -0.003742109 -0.003402815 -0.006675320 -0.006525862 0.005848692
246.600000 0.001164588 -0.003219752 -0.000338300 -0.006679923 -0.006416233 0.005850771
246.700000 0.003967259 -0.002539948 0.002809694 -0.006502685 -0.006156850 0.005677327
246.800000 0.006621705 -0.001743698 0.005947075 -0.006147011 -0.005751400 0.005338267
246.900000 0.009074553 -0.000871606 0.008979777 -0.005620837 -0.005207366 0.004846511
247.000000 0.011272352 0.000036074 0.011813716 -0.004936652 -0.004536061 0.004217956
247.100000 0.013161536 0.000939356 0.014354754 -0.004111497 -0.003752647 0.003471453
247.200000 0.014688374 0.001798413 0.016508659 -0.003166978 -0.002876145 0.002628787
247.300000 0.015798947 0.002573457 0.018181081 -0.002129268 -0.001929427 0.001714683
247.400000 0.016439115 0.003224593 0.019277532 -0.001029100 -0.000939201 0.000756817
247.500000 0.016554520 0.003711687 0.019703371 0.000098235 0.000064028 -0.000214150
247.600000 0.016090584 0.003994231 0.019363800 0.001212904 0.001045996 -0.001164527
247.700000 0.014992546 0.004031233 0.018163875 0.002270546 0.001968741 -0.002057533
247.800000 0.013205516 0.003781141 0.016008520 0.003222291 0.002790658 -0.002853236
247.900000 0.010674562 0.003201829 0.012802559 0.004014776 0.003466556 -0.003508491
248.000000 0.007344822 0.002250639 0.008450758 0.004590160 0.003947711 -0.003976884
248.100000 0.003161658 0.000884526 0.002857887 0.004886130 0.004181888 -0.004208707
248.200000 -0.001929162 -0.000939692 -0.004071214 0.004835901 0.004113345 -0.004150960
248.300000 -0.007981247 -0.003264948 -0.012431539 0.004368196 0.003682768 -0.003747408
248.400000 -0.015047314 -0.006133374 -0.022317821 0.003407212 0.002827160 -0.002938718
248.500000 -0.023178888 -0.009585578 -0.033824406 0.001872560 0.001479619 -0.001662671
248.600000 -0.032425937 -0.013659692 -0.047045133 -0.000320826 -0.000430983 0.000145482
248.700000 -0.042836419 -0.018390192 -0.062073188 -0.003262825 -0.002980469 0.002552532
248.800000 -0.054455718 -0.023806438 -0.079000970 -0.007048323 -0.006249987 0.005626610
248.900000 -0.047021722 -0.020789238 -0.068316525 -0.011777500 -0.010326824 0.009436248
249.000000 -0.033477091 -0.014876295 -0.048677787 -0.014391674 -0.012578078 0.011532858
