200.000000 0.000000000 0.000000000 0.000000000 0.000000000 0.000000000 0.000000000 1.000000000
201.000000 0.000343567 0.009860164 0.002510917 0.001564032 0.000292252 0.000159552 0.999998689
202.000000 0.001021685 0.005564827 0.006258090 -0.003240650 0.001064529 -0.001496798 0.999993086
203.000000 -0.000961481 0.021322690 0.009885981 0.001208768 0.002864502 -0.000658056 0.999994934
204.000000 0.000147041 0.023640072 0.013114622 -0.000527815 0.002809838 -0.001515758 0.999994755
205.000000 -0.003207050 0.028528703 0.014631726 -0.001314912 0.005073604 -0.000543280 0.999986112
206.000000 -0.001549781 0.026697503 0.019845132 -0.003756336 0.003996881 -0.001479641 0.999983847
207.000000 -0.005127414 0.036305036 0.021885229 -0.000709519 0.006251217 -0.001960057 0.999978304
208.000000 -0.005173271 0.043314606 0.023034109 0.000534023 0.006741874 -0.002633260 0.999973655
209.000000 -0.008008581 0.041713703 0.026148494 -0.001686079 0.006944824 -0.002449942 0.999971449
210.000000 -0.005785788 0.045670185 0.026660338 -0.001000076 0.006265205 -0.002934734 0.999975562
211.000000 -0.006061892 0.047245931 0.027102787 -0.002690975 0.006815372 -0.002517753 0.999969959
212.000000 -0.000712599 0.048956946 0.028110929 -0.003928861 0.005577737 -0.002753138 0.999972939
213.000000 -0.008515428 0.061102610 0.030384982 0.000520207 0.008761279 -0.002477498 0.999958396
214.000000 -0.001891418 0.069442071 0.024013596 0.002708726 0.004789894 -0.003008375 0.999980330
215.000000 0.006443407 0.081362568 0.030999418 0.006269484 0.000500014 -0.002480582 0.999977171
216.000000 0.003056329 0.080796868 0.032159317 0.003706155 0.001457732 -0.003388277 0.999986351
217.000000 -0.004573090 0.084132388 0.034066118 0.002370727 0.004245109 -0.003524786 0.999981940
218.000000 -0.009099258 0.098000169 0.037756909 0.006380575 0.004896179 -0.003337472 0.999962091
219.000000 -0.005781135 0.096486971 0.042607799 0.002465822 0.002341796 -0.004458581 0.999984264
220.000000 -0.003314782 0.094010100 0.048150156 -0.001916474 -0.000396378 -0.005171451 0.999984682
221.000000 0.000731445 0.102314413 0.053563431 -0.000589117 -0.003429091 -0.005402185 0.999979377
222.000000 -0.001145349 0.110659607 0.054227307 -0.000333621 -0.003082692 -0.006216541 0.999975860
223.000000 -0.006887309 0.112517484 0.055361208 -0.003275055 -0.001071803 -0.006220545 0.999974728
224.000000 -0.010574481 0.116845563 0.057015359 -0.004431461 0.000466676 -0.006565550 0.999968529
225.000000 -0.012212581 0.123448223 0.058953673 -0.004706948 0.001285708 -0.007406507 0.999960661
226.000000 -0.014967661 0.135015607 0.068928108 -0.003345900 0.002097723 -0.009464518 0.999947429
227.000000 -0.019673752 0.156796560 0.071139663 0.004194663 0.003605559 -0.008945958 0.999944687
228.000000 -0.020857856 0.152299225 0.074491747 -0.002155973 0.002864226 -0.011016990 0.999932885
229.000000 -0.027698500 0.152638599 0.076362774 -0.005933012 0.005314844 -0.011919204 0.999897242
230.000000 -0.019610174 0.154281765 0.081851363 -0.009589450 0.001487547 -0.011967120 0.999881327
231.000000 -0.030670794 0.163798362 0.084838331 -0.008544354 0.006471748 -0.013324255 0.999853790
232.000000 -0.017336627 0.173958093 0.092178926 -0.008148597 0.000189608 -0.013513906 0.999875486
233.000000 -0.024982277 0.184465885 0.096197747 -0.006645642 0.003392127 -0.013865695 0.999876022
234.000000 -0.021683779 0.180687279 0.099801213 -0.012893448 0.001783827 -0.014839480 0.999805152
235.000000 0.011255783 0.166532114 0.110479422 -0.023356691 -0.015532552 -0.015058581 0.999493122
236.000000 0.009779566 0.175844043 0.110695660 -0.022338681 -0.016110145 -0.017432477 0.999468625
237.000000 0.007889678 0.186266914 0.111136280 -0.020738946 -0.014604311 -0.016703375 0.999538720
238.000000 -0.000434323 0.194678590 0.109948367 -0.019593555 -0.010492175 -0.017592711 0.999598145
239.000000 0.010158555 0.202556700 0.113378853 -0.018612852 -0.015877167 -0.016628636 0.999562383
240.000000 0.013199308 0.206471875 0.114614196 -0.019201484 -0.017580943 -0.015882786 0.999534845
241.000000 0.015848313 0.215557694 0.114224300 -0.018066430 -0.017856140 -0.015823673 0.999552071
242.000000 0.013693222 0.227774873 0.112472787 -0.013753708 -0.017305357 -0.015873421 0.999629617
243.000000 0.023385376 0.226806000 0.111536629 -0.015775802 -0.023069439 -0.013714957 0.999515295
244.000000 0.018841008 0.225137219 0.109683447 -0.018660350 -0.020433357 -0.015087115 0.999503195
245.000000 0.026188631 0.232084289 0.111360237 -0.016598767 -0.023651911 -0.014421168 0.999478400
246.000000 0.030045375 0.235469013 0.107717305 -0.016288493 -0.024856344 -0.012946640 0.999474466
247.000000 0.023545768 0.232836738 0.106479958 -0.019306907 -0.021054463 -0.011929696 0.999520719
248.000000 0.024613637 0.236129150 0.103096649 -0.019295961 -0.021094117 -0.011881417 0.999520659
249.000000 0.026262455 0.238968760 0.101034269 -0.019695841 -0.020674756 -0.011689574 0.999523878
250.000000 0.030162461 0.250506341 0.098130159 -0.015136493 -0.020748127 -0.011344036 0.999605775
251.000000 0.032691002 0.248230368 0.097286664 -0.018018486 -0.020310087 -0.011128174 0.999569416
252.000000 0.032489449 0.251112461 0.097839028 -0.017680420 -0.018733691 -0.011469993 0.999602377
253.000000 0.036370706 0.256191939 0.098092832 -0.017375436 -0.018506691 -0.010425949 0.999623358
254.000000 0.044288788 0.256310821 0.101118825 -0.018683247 -0.020369897 -0.010721787 0.999560416
255.000000 0.051302575 0.261567324 0.102802753 -0.017980441 -0.022082631 -0.009569058 0.999548674
256.000000 0.052040059 0.267448574 0.104394108 -0.016853863 -0.020533532 -0.009826791 0.999598801
257.000000 0.055604264 0.268391401 0.107490003 -0.017768661 -0.020005202 -0.009923236 0.999592721
258.000000 0.061627630 0.276517063 0.107211873 -0.015640577 -0.020841079 -0.009648558 0.999613881
259.000000 0.054015685 0.266840816 0.105928682 -0.022001477 -0.016263027 -0.009014115 0.999585032
260.000000 0.051038820 0.270656317 0.107690029 -0.021529673 -0.012946701 -0.008109720 0.999651492
261.000000 0.057997286 0.273601800 0.111488044 -0.022240916 -0.014155706 -0.007236330 0.999626219
262.000000 0.059930939 0.275510848 0.114943311 -0.022775194 -0.013460113 -0.007102321 0.999624789
263.000000 0.066088647 0.277398646 0.119410075 -0.023729581 -0.014848484 -0.006314559 0.999588192
264.000000 0.073220037 0.280585408 0.123645633 -0.023359803 -0.016682543 -0.005474667 0.999572933
265.000000 0.072198600 0.282042474 0.127002239 -0.024339732 -0.014431600 -0.004075161 0.999591231
266.000000 0.072237276 0.248917699 0.131928504 -0.041704379 -0.012214895 -0.004095313 0.999046922
267.000000 0.079296835 0.248427019 0.136858493 -0.043111049 -0.012759746 -0.003638354 0.998982191
268.000000 0.083534017 0.241384834 0.144975707 -0.048415873 -0.012160351 -0.003158961 0.998748243
269.000000 0.091577239 0.243977651 0.152877688 -0.047316462 -0.014195015 -0.001697664 0.998777628
270.000000 0.094101913 0.244046167 0.162992954 -0.047935080 -0.013581482 -0.001061985 0.998757541
271.000000 0.091602474 0.236152634 0.172729194 -0.053154398 -0.009876522 -0.001528103 0.998536289
272.000000 0.102426030 0.240685508 0.183388397 -0.051245674 -0.012661056 -0.001327332 0.998604953
273.000000 0.107795030 0.240870923 0.194824710 -0.051706869 -0.013427711 -0.000497020 0.998571932
274.000000 0.116788745 0.242627442 0.206084654 -0.052182920 -0.015868310 0.001174068 0.998510778
275.000000 0.120602392 0.234810814 0.218812972 -0.057852156 -0.015746482 0.001382070 0.998199999
276.000000 0.122033484 0.234843239 0.231441632 -0.059685245 -0.014222830 0.004264127 0.998106778
277.000000 0.124527708 0.238725662 0.245166749 -0.059225332 -0.013201688 0.003706455 0.998150468
278.000000 0.132804364 0.242270753 0.256853044 -0.060966864 -0.015534610 0.005607298 0.998003125
279.000000 0.128945872 0.247701243 0.263041735 -0.060407035 -0.010757991 0.007570609 0.998087108
280.000000 0.125046343 0.232384548 0.275681168 -0.073060654 -0.008663435 0.006973955 0.997265518
281.000000 0.129961491 0.237645254 0.280686289 -0.073429227 -0.009874234 0.007973157 0.997219682
282.000000 0.127221689 0.239851460 0.287724048 -0.076064959 -0.005616680 0.008300752 0.997052491
283.000000 0.140966102 0.255689085 0.293887645 -0.070183113 -0.012244916 0.008536647 0.997422457
284.000000 0.154277369 0.254255861 0.302239656 -0.075817250 -0.017242715 0.009777854 0.996924698
285.000000 0.156953737 0.263451993 0.304805696 -0.074940696 -0.015372735 0.009993327 0.997019410
286.000000 0.156553790 0.278653681 0.301822603 -0.068770535 -0.012251819 0.010969401 0.997496963
287.000000 0.169955179 0.271268725 0.306474328 -0.078723297 -0.015205655 0.012369350 0.996703804
288.000000 0.175907031 0.282042116 0.304537266 -0.075624384 -0.015910445 0.012853255 0.996926606
289.000000 0.186396971 0.299835235 0.306572855 -0.068371549 -0.018069891 0.011007586 0.997435510
290.000000 0.187404037 0.297776401 0.302263230 -0.074399546 -0.013789219 0.014377831 0.997029483
291.000000 0.206865817 0.309322774 0.301968008 -0.070134051 -0.020533253 0.014573074 0.997219741
292.000000 0.209689319 0.285780162 0.304326594 -0.088937588 -0.015928509 0.015085775 0.995795548
293.000000 0.219495043 0.290565133 0.298841208 -0.089072742 -0.017154340 0.015819935 0.995751739
294.000000 0.234508485 0.299596608 0.295264423 -0.085605070 -0.021405190 0.017129034 0.995951891
295.000000 0.242500350 0.307444572 0.291064352 -0.083495364 -0.020598304 0.018726120 0.996119261
296.000000 0.241439790 0.302084476 0.288179040 -0.089520097 -0.012222143 0.019344894 0.995722115
297.000000 0.242826968 0.305394650 0.282440782 -0.088877879 -0.008841192 0.020741044 0.995787323
298.000000 0.256490201 0.303833723 0.281107217 -0.092596285 -0.011146503 0.021641241 0.995406091
299.000000 0.260164618 0.328222811 0.272023737 -0.078492239 -0.010039606 0.023122936 0.996595979
300.000000 0.267854393 0.345429748 0.266183525 -0.069589972 -0.010281196 0.023524636 0.997245252
301.000000 0.279085368 0.345618367 0.269376636 -0.071376465 -0.013060539 0.023159670 0.997094989
302.000000 0.290408164 0.353624314 0.266894162 -0.069464765 -0.014537258 0.024549237 0.997176349
303.000000 0.294845372 0.351724237 0.267757922 -0.071496397 -0.014185432 0.024760490 0.997032583
304.000000 0.299227506 0.350469023 0.266683459 -0.074718311 -0.012683326 0.024396231 0.996825516
305.000000 0.313729167 0.364804387 0.267222494 -0.069419570 -0.017244855 0.027227152 0.997066796
306.000000 0.312055677 0.361269951 0.266585529 -0.073307604 -0.013383704 0.027940681 0.996828079
307.000000 0.317158759 0.371874154 0.267890662 -0.069965541 -0.012827164 0.029766563 0.997022688
308.000000 0.327629060 0.371341258 0.270567507 -0.073079646 -0.014824154 0.028316526 0.996813834
309.000000 0.332632184 0.368075609 0.270207882 -0.076868951 -0.014952987 0.028791927 0.996513247
310.000000 0.321820527 0.359725684 0.263148695 -0.084291503 -0.003672830 0.032008350 0.995920122
311.000000 0.326587230 0.364282787 0.264728546 -0.084441200 -0.002942382 0.031333741 0.995931327
312.000000 0.328852415 0.369915962 0.266173482 -0.084232397 -0.000285820 0.031918004 0.995934784
313.000000 0.334882081 0.378842652 0.266222239 -0.081749216 0.000161145 0.032680187 0.996116996
314.000000 0.339758247 0.380769163 0.268112034 -0.083013572 0.000500131 0.032002352 0.996034324
