0 0.000 0.000 0.000 0.000 0.000 0.000 1.000
1 0.000 0.000 0.000 0.000 0.000 0.002 1.000
2 0.000 0.000 0.000 0.000 0.000 0.023 1.000
3 0.000 0.000 0.000 0.000 0.000 0.088 0.996
4 0.000 0.000 0.000 0.000 0.000 0.201 0.980
5 0.000 0.000 0.000 0.000 0.000 0.342 0.940
6 0.000 0.000 0.000 0.000 0.000 0.476 0.880
7 0.000 0.000 0.000 0.000 0.000 0.573 0.820
8 0.000 0.000 0.000 0.000 0.000 0.625 0.781
9 0.000 0.000 0.000 0.000 0.000 0.641 0.767
10 0.000 0.000 0.000 0.000 0.000 0.643 0.766
11 0.000 0.000 0.000 0.000 0.000 0.643 0.766
12 0.000 0.000 0.000 0.000 0.000 0.643 0.766
13 0.000 0.000 0.000 0.000 0.000 0.643 0.766
14 0.000 0.000 0.000 0.000 0.000 0.643 0.766
15 0.000 0.000 0.000 0.000 0.000 0.643 0.766
16 0.000 0.000 0.000 0.000 0.000 0.643 0.766
17 0.000 0.000 0.000 0.000 0.000 0.643 0.766
18 0.000 0.000 0.000 0.000 0.000 0.643 0.766
19 0.000 0.000 0.000 0.000 0.000 0.643 0.766
20 0.000 0.000 0.000 0.000 0.000 0.643 0.766
21 0.000 0.000 0.000 0.000 0.000 0.643 0.766
22 0.000 0.000 0.000 0.000 0.000 0.643 0.766
23 0.000 0.000 0.000 0.000 0.000 0.643 0.766
24 0.000 0.000 0.000 0.000 0.000 0.643 0.766
25 0.000 0.000 0.000 0.000 0.000 0.643 0.766
26 0.000 0.000 0.000 0.000 0.000 0.643 0.766
27 0.000 0.000 0.000 0.000 0.000 0.643 0.766
28 0.000 0.000 0.000 0.000 0.000 0.643 0.766
29 0.000 0.000 0.000 0.000 0.000 0.643 0.766
30 0.000 0.000 0.000 0.000 0.000 0.643 0.766
31 0.000 0.000 0.000 0.000 0.000 0.643 0.766
32 0.000 0.000 0.000 0.000 0.000 0.643 0.766
33 0.000 0.000 0.000 0.000 0.000 0.643 0.766
34 0.000 0.000 0.000 0.000 0.000 0.643 0.766
35 0.000 0.000 0.000 0.000 0.000 0.643 0.766
36 0.000 0.000 0.000 0.000 0.000 0.643 0.766
37 0.000 0.000 0.000 0.000 0.000 0.643 0.766
38 0.000 0.000 0.000 0.000 0.000 0.643 0.766
39 0.000 0.000 0.000 0.000 0.000 0.643 0.766
40 0.000 0.000 0.000 0.000 0.000 0.643 0.766
41 0.000 0.000 0.000 0.000 0.000 0.643 0.766
42 0.000 0.000 0.000 0.000 0.000 0.643 0.766
43 0.000 0.000 0.000 0.000 0.000 0.643 0.766
44 0.000 0.000 0.000 0.000 0.000 0.643 0.766
45 0.000 0.000 0.000 0.000 0.000 0.643 0.766
46 0.000 0.000 0.000 0.000 0.000 0.643 0.766
47 0.000 0.000 0.000 0.000 0.000 0.643 0.766
48 0.000 0.000 0.000 0.000 0.000 0.643 0.766
49 0.000 0.000 0.000 0.000 0.000 0.643 0.766
50 0.000 0.000 0.000 0.000 0.000 0.643 0.766
51 0.000 0.000 0.000 0.000 0.000 0.643 0.766
52 0.000 0.000 0.000 0.000 0.000 0.643 0.766
53 0.000 0.000 0.000 0.000 0.000 0.643 0.766
54 0.000 0.000 0.000 0.000 0.000 0.643 0.766
55 0.000 0.000 0.000 0.000 0.000 0.643 0.766
56 0.000 0.000 0.000 0.000 0.000 0.643 0.766
57 0.000 0.000 0.000 0.000 0.000 0.643 0.766
58 0.000 0.000 0.000 0.000 0.000 0.643 0.766
59 0.000 0.000 0.000 0.000 0.000 0.643 0.766
