0.000000 0.000000000 0.000000000 0.000000000 0.000000000 0.000000000 0.000000000 1.000000000
1.000000 0.008000000 -0.000000000 0.000000000 0.000000000 0.000000000 0.000000000 1.000000000
2.000000 0.091600000 0.000000000 -0.000000000 0.000000000 0.000000000 0.000000000 1.000000000
3.000000 0.351000000 0.000000000 -0.000000000 0.000000000 0.000000000 0.000000000 1.000000000
4.000000 0.820700000 0.000000000 -0.000000000 0.000000000 0.000000000 0.000000000 1.000000000
5.000000 1.437700000 0.000000000 -0.000000000 0.000000000 0.000000000 0.000000000 1.000000000
6.000000 2.068700000 0.000000000 -0.000000000 0.000000000 0.000000000 0.000000000 1.000000000
7.000000 2.573700000 0.000000000 -0.000000000 0.000000000 0.000000000 0.000000000 1.000000000
8.000000 2.873000000 0.000000000 -0.000000000 0.000000000 0.000000000 0.000000000 1.000000000
9.000000 2.983600000 0.000000000 -0.000000000 0.000000000 0.000000000 0.000000000 1.000000000
10.000000 3.000000000 0.000000000 -0.000000000 0.000000000 0.000000000 0.000000000 1.000000000
11.000000 3.000800000 0.000000000 -0.000000000 0.000000000 0.000000000 0.000000000 1.000000000
12.000000 3.000800000 0.000000000 -0.000000000 0.000000000 0.000000000 0.000000000 1.000000000
13.000000 3.000800000 0.000000000 -0.000000000 0.000000000 0.000000000 0.000000000 1.000000000
14.000000 3.000800000 0.000000000 -0.000000000 0.000000000 0.000000000 0.000000000 1.000000000
15.000000 3.000800000 0.000000000 -0.000000000 0.000000000 0.000000000 0.000000000 1.000000000
16.000000 3.000800000 0.000000000 -0.000000000 0.000000000 0.000000000 0.000000000 1.000000000
17.000000 3.000800000 0.000000000 -0.000000000 0.000000000 0.000000000 0.000000000 1.000000000
18.000000 3.000800000 0.000000000 -0.000000000 0.000000000 0.000000000 0.000000000 1.000000000
19.000000 3.000800000 0.000000000 -0.000000000 0.000000000 0.000000000 0.000000000 1.000000000
20.000000 3.000800000 0.000000000 -0.000000000 0.000000000 0.000000000 0.000000000 1.000000000
21.000000 3.000800000 0.000000000 -0.000000000 0.000000000 0.000000000 0.000000000 1.000000000
22.000000 3.000800000 0.000000000 -0.000000000 0.000000000 0.000000000 0.000000000 1.000000000
23.000000 3.000800000 0.000000000 -0.000000000 0.000000000 0.000000000 0.000000000 1.000000000
24.000000 3.000800000 0.000000000 -0.000000000 0.000000000 0.000000000 0.000000000 1.000000000
25.000000 3.000800000 0.000000000 -0.000000000 0.000000000 0.000000000 0.000000000 1.000000000
26.000000 3.000800000 0.000000000 -0.000000000 0.000000000 0.000000000 0.000000000 1.000000000
27.000000 3.000800000 0.000000000 -0.000000000 0.000000000 0.000000000 0.000000000 1.000000000
28.000000 3.000800000 0.000000000 -0.000000000 0.000000000 0.000000000 0.000000000 1.000000000
29.000000 3.000800000 0.000000000 -0.000000000 0.000000000 0.000000000 0.000000000 1.000000000
30.000000 3.000800000 0.000000000 -0.000000000 0.000000000 0.000000000 0.000000000 1.000000000
31.000000 3.000800000 0.000000000 -0.000000000 0.000000000 0.000000000 0.000000000 1.000000000
32.000000 3.000800000 0.000000000 -0.000000000 0.000000000 0.000000000 0.000000000 1.000000000
33.000000 3.000800000 0.000000000 -0.000000000 0.000000000 0.000000000 0.000000000 1.000000000
34.000000 3.000800000 0.000000000 -0.000000000 0.000000000 0.000000000 0.000000000 1.000000000
35.000000 3.000800000 0.000000000 -0.000000000 0.000000000 0.000000000 0.000000000 1.000000000
36.000000 3.000800000 0.000000000 -0.000000000 0.000000000 0.000000000 0.000000000 1.000000000
37.000000 3.000800000 0.000000000 -0.000000000 0.000000000 0.000000000 0.000000000 1.000000000
38.000000 3.000800000 0.000000000 -0.000000000 0.000000000 0.000000000 0.000000000 1.000000000
39.000000 3.000800000 0.000000000 -0.000000000 0.000000000 0.000000000 0.000000000 1.000000000
40.000000 3.000800000 0.000000000 -0.000000000 0.000000000 0.000000000 0.000000000 1.000000000
41.000000 3.000800000 0.000000000 -0.000000000 0.000000000 0.000000000 0.000000000 1.000000000
42.000000 3.000800000 0.000000000 -0.000000000 0.000000000 0.000000000 0.000000000 1.000000000
43.000000 3.000800000 0.000000000 -0.000000000 0.000000000 0.000000000 0.000000000 1.000000000
44.000000 3.000800000 0.000000000 -0.000000000 0.000000000 0.000000000 0.000000000 1.000000000
45.000000 3.000800000 0.000000000 -0.000000000 0.000000000 0.000000000 0.000000000 1.000000000
46.000000 3.000800000 0.000000000 -0.000000000 0.000000000 0.000000000 0.000000000 1.000000000
47.000000 3.000800000 0.000000000 -0.000000000 0.000000000 0.000000000 0.000000000 1.000000000
48.000000 3.000800000 0.000000000 -0.000000000 0.000000000 0.000000000 0.000000000 1.000000000
49.000000 3.000800000 0.000000000 -0.000000000 0.000000000 0.000000000 0.000000000 1.000000000
