200.200000 -0.016505775 -42.281363564 -33.324921436 -0.082533331 0.195780612 -0.118223085 -119.963178872 0.010685041 -0.011961900 0.500278253 -0.865864683 0.000137033 0.000028515 
200.400000 -0.033012148 -42.242198434 -33.348556120 -0.082539166 0.195890197 -0.118148484 -119.926359961 0.021377770 -0.023916936 0.500556445 -0.865703856 0.000274067 0.000057029 
200.600000 -0.049519110 -42.203012700 -33.372174222 -0.082544854 0.195999734 -0.118073798 -119.889543273 0.032078181 -0.035865101 0.500834576 -0.865542923 0.000411100 0.000085544 
200.800000 -0.066026649 -42.163806379 -33.395775721 -0.082550396 0.196109224 -0.117999028 -119.852728817 0.042786266 -0.047806387 0.501112645 -0.865381883 0.000548134 0.000114058 
201.000000 -0.082534753 -42.124579486 -33.419360599 -0.036803178 0.193282499 -0.113451323 -119.815916602 0.053502017 -0.059740789 0.501390652 -0.865220737 0.000685167 0.000142572 
201.200000 -0.080739572 -42.086500635 -33.441149436 0.008939555 0.190441757 -0.108909223 -119.778077892 0.056264137 -0.060170619 0.501676330 -0.865055110 0.000700552 0.000161316 
201.400000 -0.078945535 -42.048403359 -33.462923592 0.008928169 0.190533930 -0.108835863 -119.740239189 0.059026541 -0.060598626 0.501961954 -0.864889387 0.000715936 0.000180059 
201.600000 -0.077152642 -42.010287674 -33.484683049 0.008916802 0.190626030 -0.108762412 -119.702400502 0.061789227 -0.061024808 0.502247523 -0.864723569 0.000731320 0.000198802 
201.800000 -0.075360891 -41.972153593 -33.506427788 0.008905454 0.190718059 -0.108688870 -119.664561837 0.064552194 -0.061449166 0.502533036 -0.864557657 0.000746704 0.000217546 
202.000000 -0.073570280 -41.934001132 -33.528157791 -0.047264550 0.262937904 -0.169866729 -119.626723204 0.067315439 -0.061871698 0.502818495 -0.864391650 0.000762088 0.000236289 
202.200000 -0.094158171 -41.866957951 -33.574345016 -0.103567288 0.335416093 -0.230813602 -119.554106684 0.091958205 -0.066965402 0.503366201 -0.864072614 0.000908894 0.000399249 
202.400000 -0.114765061 -41.799845502 -33.620470427 -0.103755133 0.335769775 -0.230512961 -119.481492199 0.116607441 -0.072027881 0.503913681 -0.863753189 0.001055701 0.000562208 
202.600000 -0.135390901 -41.732663901 -33.666533881 -0.103942295 0.336123077 -0.230211701 -119.408879788 0.141263084 -0.077059123 0.504460936 -0.863433375 0.001202507 0.000725168 
202.800000 -0.156035642 -41.665413264 -33.712535233 -0.104128770 0.336476000 -0.229909824 -119.336269489 0.165925073 -0.082059118 0.505007962 -0.863113172 0.001349312 0.000888127 
203.000000 -0.176699235 -41.598093705 -33.758474342 -0.028275957 0.224116121 -0.125630842 -119.263661342 0.190593346 -0.087027855 0.505554761 -0.862792582 0.001496116 0.001051086 
203.200000 -0.167298438 -41.575814660 -33.762797776 0.047741795 0.111425023 -0.021635017 -119.246028119 0.177601395 -0.089682237 0.505687561 -0.862714945 0.001458929 0.000941330 
203.400000 -0.157894215 -41.553531915 -33.767116713 0.047775792 0.111441811 -0.021610350 -119.228394305 0.164610259 -0.092340615 0.505820341 -0.862637276 0.001421742 0.000831575 
203.600000 -0.148486565 -41.531245472 -33.771431148 0.047809774 0.111458595 -0.021585676 -119.210759898 0.151619942 -0.095002990 0.505953103 -0.862559574 0.001384555 0.000721819 
203.800000 -0.139075490 -41.508955333 -33.775741079 0.047843741 0.111475376 -0.021560994 -119.193124899 0.138630446 -0.097669362 0.506085846 -0.862481841 0.001347367 0.000612064 
204.000000 -0.129660992 -41.486661502 -33.780046504 0.012099362 0.180032824 -0.094372181 -119.175489306 0.125641773 -0.100339729 0.506218571 -0.862404076 0.001310180 0.000502309 
204.200000 -0.134455600 -41.436937943 -33.813461505 -0.023640917 0.248756271 -0.167060825 -119.122311432 0.125918308 -0.107480622 0.506618758 -0.862168978 0.001365363 0.000472211 
204.400000 -0.139246341 -41.387177668 -33.846847254 -0.023601411 0.248939832 -0.166914574 -119.069133557 0.126201470 -0.114621260 0.507018835 -0.861933691 0.001420545 0.000442113 
204.600000 -0.144033207 -41.337380717 -33.880203701 -0.023561802 0.249123184 -0.166768071 -119.015955706 0.126491260 -0.121761633 0.507418800 -0.861698215 0.001475727 0.000412014 
204.800000 -0.148816190 -41.287547132 -33.913530795 -0.023522089 0.249306324 -0.166621316 -118.962777902 0.126787677 -0.128901733 0.507818654 -0.861462550 0.001530908 0.000381916 
205.000000 -0.153595285 -41.237676955 -33.946828485 0.018346234 0.325614658 -0.232762699 -118.909600170 0.127090720 -0.136041550 0.508218397 -0.861226696 0.001586090 0.000351818 
205.200000 -0.141962557 -41.157282813 -34.006577812 0.060445505 0.402291798 -0.298574138 -118.815507579 0.105905668 -0.145456470 0.508925310 -0.860809249 0.001563016 0.000149560 
205.400000 -0.130294849 -41.076777292 -34.066233026 0.060792907 0.402837437 -0.298090149 -118.721411365 0.084736061 -0.154906183 0.509631861 -0.860391185 0.001539941 -0.000052699 
205.600000 -0.118592188 -40.996160631 -34.125793832 0.061139909 0.403381939 -0.297604800 -118.627311639 0.063581987 -0.164390652 0.510338048 -0.859972506 0.001516865 -0.000254957 
205.800000 -0.106854598 -40.915433073 -34.185259938 0.061486505 0.403925300 -0.297118094 -118.533208513 0.042443534 -0.173909840 0.511043869 -0.859553211 0.001493787 -0.000457216 
206.000000 -0.095082105 -40.834594859 -34.244631053 -0.000650180 0.290715514 -0.200922851 -118.439102099 0.021320790 -0.183463711 0.511749323 -0.859133303 0.001470709 -0.000659473 
206.200000 -0.107270139 -40.799196690 -34.265665564 -0.063116609 0.177031845 -0.105126807 -118.404218935 0.040932903 -0.180927351 0.512011054 -0.858977334 0.001539125 -0.000501576 
206.400000 -0.119467671 -40.763783589 -34.286683893 -0.063209894 0.177105113 -0.105043393 -118.369334879 0.060543475 -0.178379049 0.512272722 -0.858821260 0.001607541 -0.000343678 
206.600000 -0.131674695 -40.728355571 -34.307686022 -0.063303082 0.177178346 -0.104959916 -118.334449931 0.080152495 -0.175818806 0.512534327 -0.858665081 0.001675957 -0.000185781 
206.800000 -0.143891202 -40.692912653 -34.328671933 -0.063396172 0.177251544 -0.104876376 -118.299564092 0.099759951 -0.173246624 0.512795869 -0.858508796 0.001744373 -0.000027883 
207.000000 -0.156117186 -40.657454848 -34.349641606 -0.037363215 0.033071904 0.011001957 -118.264677363 0.119365829 -0.170662502 0.513057349 -0.858352407 0.001812788 0.000130015 
207.200000 -0.158826792 -40.679698351 -34.324252818 -0.011334181 -0.111090442 0.126869597 -118.301753751 0.111259231 -0.186075693 0.512779550 -0.858518231 0.001891946 0.000000895 
207.400000 -0.161546100 -40.701922885 -34.298850443 -0.011432366 -0.111002324 0.126945347 -118.338827961 0.103142658 -0.201483635 0.512501687 -0.858683946 0.001971103 -0.000128225 
207.600000 -0.164275107 -40.724128433 -34.273434501 -0.011530497 -0.110914102 0.127021009 -118.375899983 0.095016116 -0.216886321 0.512223758 -0.858849552 0.002050260 -0.000257345 
207.800000 -0.167013808 -40.746314979 -34.248005012 -0.011628573 -0.110825775 0.127096585 -118.412969805 0.086879612 -0.232283740 0.511945763 -0.859015047 0.002129417 -0.000386464 
208.000000 -0.169762196 -40.768482506 -34.222561997 -0.018322119 0.031046626 0.010813957 -118.450037417 0.078733150 -0.247675882 0.511667704 -0.859180434 0.002208574 -0.000515584 
208.200000 -0.174614082 -40.733908065 -34.243663645 -0.024966670 0.172915234 -0.105465021 -118.412638782 0.084920438 -0.246406918 0.511948168 -0.859013329 0.002226535 -0.000464254 
208.400000 -0.179469286 -40.699316036 -34.264750315 -0.024999340 0.173002944 -0.105389682 -118.375239992 0.091106897 -0.245133914 0.512228577 -0.858846131 0.002244496 -0.000412923 
208.600000 -0.184327808 -40.664706433 -34.285821987 -0.025031983 0.173090583 -0.105314258 -118.337841053 0.097292526 -0.243856873 0.512508929 -0.858678839 0.002262457 -0.000361593 
208.800000 -0.189189644 -40.630079269 -34.306878644 -0.025064596 0.173178153 -0.105238748 -118.300441973 0.103477319 -0.242575793 0.512789226 -0.858511452 0.002280417 -0.000310262 
209.000000 -0.194054793 -40.595434562 -34.327920269 0.049676315 0.299080616 -0.216376318 -118.263042759 0.109661272 -0.241290678 0.513069466 -0.858343972 0.002298377 -0.000258932 
209.200000 -0.169758609 -40.510385616 -34.393382598 0.124695745 0.425539967 -0.327010787 -118.162099127 0.081570694 -0.239916754 0.513825049 -0.857892143 0.002161906 -0.000465097 
209.400000 -0.145427499 -40.425208267 -34.458728835 0.125033428 0.426184824 -0.326433083 -118.061155974 0.053477669 -0.238592319 0.514580205 -0.857439596 0.002025432 -0.000671262 
209.600000 -0.121061554 -40.339902822 -34.523958614 0.125369771 0.426828476 -0.325853736 -117.960213421 0.025382330 -0.237317380 0.515334931 -0.856986331 0.001888957 -0.000877427 
209.800000 -0.096660865 -40.254469586 -34.589071572 0.125704769 0.427470916 -0.325272750 -117.859271587 -0.002715187 -0.236091942 0.516089225 -0.856532350 0.001752480 -0.001083591 
210.000000 -0.072225525 -40.168908868 -34.654067347 0.054543989 0.273853475 -0.195721925 -117.758330592 -0.030814750 -0.234916009 0.516843086 -0.856077654 0.001616002 -0.001289753 
210.200000 -0.075322397 -40.144988618 -34.667414984 -0.016886894 0.119623006 -0.066728247 -117.737028164 -0.022904976 -0.232408842 0.517002377 -0.855981535 0.001632720 -0.001219657 
210.400000 -0.078421920 -40.121062825 -34.680757375 -0.016912965 0.119649906 -0.066700874 -117.715725388 -0.014996135 -0.229898734 0.517161648 -0.855885382 0.001649439 -0.001149561 
210.600000 -0.081524096 -40.097131490 -34.694094515 -0.016939025 0.119676795 -0.066673485 -117.694422266 -0.007088226 -0.227385685 0.517320898 -0.855789196 0.001666157 -0.001079465 
210.800000 -0.084628921 -40.073194617 -34.707426401 -0.016965075 0.119703670 -0.066646080 -117.673118798 0.000818746 -0.224869697 0.517480127 -0.855692975 0.001682876 -0.001009369 
211.000000 -0.087736396 -40.049252210 -34.720753029 -0.053055932 0.151408228 -0.100286732 -117.651814985 0.008724782 -0.222350769 0.517639336 -0.855596720 0.001699594 -0.000939273 
211.200000 -0.104920314 -40.012628106 -34.747532423 -0.089206888 0.183185922 -0.133843391 -117.612209873 0.031510790 -0.222685028 0.517935326 -0.855417527 0.001804753 -0.000771275 
211.400000 -0.122115255 -39.975984325 -34.774289450 -0.089312973 0.183287264 -0.133733404 -117.572604862 0.054297035 -0.223003538 0.518231234 -0.855238199 0.001909913 -0.000603277 
211.600000 -0.139321205 -39.939320891 -34.801024083 -0.089418884 0.183388570 -0.133623328 -117.532999954 0.077083497 -0.223306296 0.518527059 -0.855058734 0.002015072 -0.000435279 
211.800000 -0.156538151 -39.902637827 -34.827736295 -0.089524620 0.183489839 -0.133513160 -117.493395148 0.099870161 -0.223593304 0.518822802 -0.854879134 0.002120230 -0.000267281 
212.000000 -0.173766079 -39.865935157 -34.854426060 -0.077096317 0.326746682 -0.240477999 -117.453790445 0.122657006 -0.223864560 0.519118462 -0.854699397 0.002225388 -0.000099282 
212.200000 -0.186342712 -39.771885925 -34.923868957 -0.064695132 0.470641167 -0.346911399 -117.345021811 0.135516430 -0.225205284 0.519929618 -0.854206024 0.002293633 -0.000011619 
212.400000 -0.198934293 -39.677689445 -34.993183088 -0.064836307 0.471379091 -0.346268483 -117.236253120 0.148378411 -0.226521597 0.520740301 -0.853711869 0.002361876 0.000076045 
212.600000 -0.211540774 -39.583346082 -35.062368027 -0.064976738 0.472115253 -0.345623486 -117.127484560 0.161242880 -0.227813493 0.521550508 -0.853216933 0.002430117 0.000163709 
212.800000 -0.224162105 -39.488856205 -35.131423352 -0.065116420 0.472849646 -0.344976414 -117.018716318 0.174109766 -0.229080965 0.522360239 -0.852721218 0.002498356 0.000251372 
213.000000 -0.236798240 -39.394220183 -35.200348641 -0.900952622 -0.195309789 0.250676615 -116.909948583 0.186979000 -0.230324006 0.523169490 -0.852224725 0.002566592 0.000339035 
213.200000 -0.567008307 -39.566886170 -35.030100989 -1.727596668 -0.861577398 0.857607410 -117.132562783 0.615035745 -0.198608435 0.521511499 -0.853225613 0.004277849 0.003675639 
213.400000 -0.895950359 -39.739080428 -34.857511523 -1.715378344 -0.859202309 0.869716631 -117.354975922 1.043235314 -0.168551519 0.519844130 -0.854211354 0.005989121 0.007012355 
213.600000 -1.223598543 -39.910788315 -34.682597273 -1.702962496 -0.856899234 0.881828557 -117.577204779 1.471555906 -0.140152138 0.518167471 -0.855181896 0.007700317 0.010349006 
213.800000 -1.549927284 -40.081995290 -34.505375769 -1.690350155 -0.854667277 0.893941267 -117.799266143 1.899975731 -0.113409372 0.516481610 -0.856137187 0.009411345 0.013685413 
214.000000 -1.874911288 -40.252686923 -34.325865030 -0.934000803 -0.301936068 0.377803610 -118.021176815 2.328473008 -0.088322499 0.514786640 -0.857077176 0.011122115 0.017021398 
214.200000 -1.911439692 -40.203173254 -34.355722395 -0.187478481 0.248439745 -0.149880231 -117.967785540 2.369307013 -0.089401916 0.515182555 -0.856830722 0.011321688 0.017316694 
214.400000 -1.947992769 -40.153623282 -34.385530274 -0.187720498 0.248645258 -0.149650703 -117.914393392 2.410142046 -0.090443281 0.515578292 -0.856583973 0.011521258 0.017611985 
214.600000 -1.984570462 -40.104037072 -34.415288590 -0.187961887 0.248850813 -0.149420980 -117.861000353 2.450978046 -0.091446590 0.515973852 -0.856336929 0.011720824 0.017907270 
214.800000 -2.021172715 -40.054414692 -34.444997266 -0.188202648 0.249056410 -0.149191062 -117.807606406 2.491814947 -0.092411838 0.516369233 -0.856089590 0.011920386 0.018202549 
215.000000 -2.057799472 -40.004756210 -34.474656227 -0.019894793 0.193933087 -0.099190475 -117.754211533 2.532652687 -0.093339022 0.516764437 -0.855841956 0.012119944 0.018497821 
215.200000 -2.028610470 -39.976642602 -34.484958652 0.148633978 0.138691021 -0.049343033 -117.729891086 2.503219148 -0.080282906 0.516946719 -0.855738560 0.011893597 0.018334342 
215.400000 -1.999415143 -39.948515754 -34.495241320 0.148688503 0.138776149 -0.049267317 -117.705577887 2.473780065 -0.067239583 0.517128938 -0.855635060 0.011667248 0.018170860 
215.600000 -1.970213510 -39.920375674 -34.505504220 0.148742877 0.138861331 -0.049191582 -117.681271930 2.444335452 -0.054209051 0.517311094 -0.855531456 0.011440898 0.018007377 
215.800000 -1.941005593 -39.892222376 -34.515747337 0.148797100 0.138946568 -0.049115829 -117.656973210 2.414885324 -0.041191309 0.517493188 -0.855427747 0.011214547 0.017843891 
216.000000 -1.911791409 -39.864055868 -34.525970658 0.003884629 0.143680233 -0.055713316 -117.632681720 2.385429695 -0.028186353 0.517675218 -0.855323934 0.010988194 0.017680403 
216.200000 -1.940202848 -39.834960900 -34.537756863 -0.141049698 0.148429392 -0.062347423 -117.607567509 2.397608251 -0.048942094 0.517864744 -0.855206533 0.011202007 0.017675085 
216.400000 -1.968611975 -39.805849469 -34.549531223 -0.141023896 0.148528879 -0.062306466 -117.582457484 2.409795898 -0.069692680 0.518054221 -0.855089050 0.011415819 0.017669766 
216.600000 -1.997018777 -39.776721584 -34.561293730 -0.140997959 0.148628347 -0.062265477 -117.557351651 2.421992630 -0.090438108 0.518243648 -0.854971485 0.011629630 0.017664445 
216.800000 -2.025423241 -39.747577255 -34.573044372 -0.140971888 0.148727796 -0.062224457 -117.532250015 2.434198441 -0.111178369 0.518433026 -0.854853839 0.011843440 0.017659122 
217.000000 -2.053825353 -39.718416491 -34.584783139 -0.157564409 0.207980700 -0.113194493 -117.507152581 2.446413326 -0.131913459 0.518622355 -0.854736111 0.012057249 0.017653798 
217.200000 -2.087214131 -39.664888713 -34.617760495 -0.174421337 0.267336460 -0.163957332 -117.449043097 2.487945706 -0.122591433 0.519050569 -0.854467116 0.012184798 0.017999608 
217.400000 -2.120636226 -39.611322504 -34.650687092 -0.174747784 0.267531551 -0.163696517 -117.390924935 2.529468668 -0.113226942 0.519478580 -0.854197786 0.012312343 0.018345412 
217.600000 -2.154091592 -39.557717947 -34.683562837 -0.175073633 0.267726558 -0.163435445 -117.332798082 2.570982134 -0.103819988 0.519906388 -0.853928121 0.012439884 0.018691208 
217.800000 -2.187580179 -39.504075127 -34.716387635 -0.175398883 0.267921481 -0.163174118 -117.274662524 2.612486028 -0.094370574 0.520333992 -0.853658122 0.012567419 0.019036997 
218.000000 -2.221101939 -39.450394125 -34.749161391 -0.058325100 0.235226148 -0.119057795 -117.216518245 2.653980273 -0.084878705 0.520761392 -0.853387789 0.012694949 0.019382778 
218.200000 -2.211810172 -39.410703113 -34.763169198 0.059241387 0.202363992 -0.075063549 -117.181459024 2.608718076 -0.115615655 0.521032027 -0.853232933 0.012723955 0.018902115 
218.400000 -2.202485047 -39.370998970 -34.777159369 0.059575222 0.202349009 -0.074882646 -117.146376718 2.563474637 -0.146379257 0.521302490 -0.853077796 0.012752958 0.018421444 
218.600000 -2.193126575 -39.331281739 -34.791131852 0.059908750 0.202333846 -0.074701702 -117.111271318 2.518250014 -0.177169514 0.521572782 -0.852922378 0.012781956 0.017940768 
218.800000 -2.183734763 -39.291551465 -34.805086597 0.060241969 0.202318502 -0.074520716 -117.076142816 2.473044269 -0.207986433 0.521842903 -0.852766680 0.012810950 0.017460085 
219.000000 -2.174309624 -39.251808194 -34.819023550 0.036544921 0.214067299 -0.096504962 -117.040991204 2.427857458 -0.238830016 0.522112851 -0.852610701 0.012839939 0.016979397 
219.200000 -2.171130261 -39.206259013 -34.843202788 0.012523375 0.225917543 -0.118522989 -116.996496364 2.432827439 -0.221876821 0.522440946 -0.852408968 0.012743078 0.017088675 
219.400000 -2.167960632 -39.160683496 -34.867361670 0.012423221 0.226043975 -0.118417033 -116.951999867 2.437784266 -0.204919698 0.522768953 -0.852207091 0.012646215 0.017197950 
219.600000 -2.164800744 -39.115081670 -34.891500164 0.012322971 0.226170254 -0.118310935 -116.907501733 2.442727936 -0.187958662 0.523096872 -0.852005068 0.012549349 0.017307221 
219.800000 -2.161650604 -39.069453562 -34.915618238 0.012222625 0.226296380 -0.118204695 -116.863001981 2.447658442 -0.170993728 0.523424701 -0.851802902 0.012452481 0.017416490 
220.000000 -2.158510221 -39.023799201 -34.939715859 -0.193851824 0.131836943 -0.034219278 -116.818500629 2.452575780 -0.154024914 0.523752442 -0.851600591 0.012355611 0.017525756 
220.200000 -2.236621417 -39.017193946 -34.928857113 -0.399824946 0.037449733 0.049968446 -116.822718019 2.522881688 -0.178155094 0.523718614 -0.851605401 0.012855582 0.017938443 
220.400000 -2.314727415 -39.010563050 -34.917923948 -0.399797454 0.037701257 0.050215282 -116.826965284 2.593185904 -0.202291809 0.523684566 -0.851609853 0.013355549 0.018351122 
220.600000 -2.392828060 -39.003906510 -34.906916376 -0.399769421 0.037952747 0.050462070 -116.831242439 2.663488356 -0.226435110 0.523650297 -0.851613945 0.013855510 0.018763794 
220.800000 -2.470923202 -38.997224321 -34.895834410 -0.399740845 0.038204205 0.050708809 -116.835549497 2.733788971 -0.250585051 0.523615807 -0.851617679 0.014355465 0.019176457 
221.000000 -2.549012685 -38.990516478 -34.884678062 -0.306269159 0.073813753 0.012001616 -116.839886472 2.804087677 -0.274741686 0.523581097 -0.851621053 0.014855413 0.019589112 
221.200000 -2.591727963 -38.969657875 -34.888930366 -0.212814352 0.109353514 -0.026952493 -116.826200416 2.827609581 -0.304274024 0.523685658 -0.851550075 0.015184687 0.019627185 
221.400000 -2.634441846 -38.948778224 -34.893165690 -0.212801352 0.109503129 -0.026916315 -116.812526217 2.851138536 -0.333801348 0.523790154 -0.851478990 0.015513960 0.019665254 
221.600000 -2.677154308 -38.927877531 -34.897384027 -0.212788193 0.109652766 -0.026880133 -116.798863878 2.874674528 -0.363323660 0.523894583 -0.851407797 0.015843230 0.019703322 
221.800000 -2.719865322 -38.906955804 -34.901585371 -0.212774873 0.109802424 -0.026843948 -116.785213403 2.898217545 -0.392840959 0.523998947 -0.851336497 0.016172498 0.019741387 
222.000000 -2.762574860 -38.886013050 -34.905769715 -0.163164852 0.335717285 -0.217313831 -116.771574793 2.921767573 -0.422353246 0.524103244 -0.851265091 0.016501765 0.019779449 
222.200000 -2.785037075 -38.774003179 -34.986817829 -0.113627810 0.562530215 -0.406937372 -116.643822046 2.938676212 -0.426280976 0.525051117 -0.850676198 0.016630414 0.019868580 
222.400000 -2.807509623 -38.661791038 -35.067683364 -0.113708854 0.563567405 -0.406041333 -116.516068031 2.955593620 -0.430171020 0.525998326 -0.850086223 0.016759043 0.019957686 
222.600000 -2.829992370 -38.549377235 -35.148365638 -0.113787918 0.564601736 -0.405141947 -116.388313049 2.972519670 -0.434023346 0.526944869 -0.849495168 0.016887650 0.020046767 
222.800000 -2.852485185 -38.436762380 -35.228863975 -0.113864999 0.565633190 -0.404239225 -116.260557403 2.989454234 -0.437837925 0.527890741 -0.848903035 0.017016236 0.020135823 
223.000000 -2.874987936 -38.323947089 -35.309177700 -0.006617963 0.443821102 -0.291481455 -116.132801395 3.006397186 -0.441614727 0.528835939 -0.848309826 0.017144800 0.020224852 
223.200000 -2.855509594 -38.259441844 -35.345348255 0.100764224 0.321268303 -0.179376224 -116.066508282 2.987212133 -0.432478970 0.529326781 -0.848009157 0.017000298 0.020115139 
223.400000 -2.836019255 -38.194881013 -35.381465543 0.100868510 0.321546200 -0.179114329 -116.000219317 2.968016516 -0.423365596 0.529817430 -0.847708179 0.016855790 0.020005418 
223.600000 -2.816516955 -38.130264685 -35.417529460 0.100972274 0.321823769 -0.178851985 -115.933934534 2.948810377 -0.414274621 0.530307886 -0.847406892 0.016711276 0.019895690 
223.800000 -2.797002730 -38.065592952 -35.453539905 0.101075517 0.322101007 -0.178589192 -115.867653970 2.929593754 -0.405206060 0.530798149 -0.847105297 0.016566756 0.019785954 
224.000000 -2.777476614 -38.000865904 -35.489496776 -0.257170250 0.763407573 -0.529713734 -115.801377660 2.910366689 -0.396159930 0.531288218 -0.846803393 0.016422230 0.019676212 
224.200000 -2.894386466 -37.760490255 -35.664449039 -0.618410883 1.209548102 -0.875719125 -115.518044320 3.046142347 -0.390249575 0.533366327 -0.845459822 0.017059020 0.020664943 
224.400000 -3.011716488 -37.519150583 -35.838295900 -0.622284689 1.214841086 -0.870461429 -115.234654044 3.181890211 -0.383665917 0.535440479 -0.844109874 0.017695697 0.021653541 
224.600000 -3.129462579 -37.276855018 -36.011028735 -0.626101572 1.220116436 -0.865170786 -114.951207896 3.317604915 -0.376408852 0.537510627 -0.842753579 0.018332245 0.022641984 
224.800000 -3.247620601 -37.033611775 -36.182639019 -0.629860946 1.225373867 -0.859847588 -114.667706942 3.453281093 -0.368478312 0.539576724 -0.841390967 0.018968651 0.023630249 
225.000000 -3.366186381 -36.789429157 -36.353118330 -0.319502737 0.715656146 -0.464056337 -114.384152256 3.588913380 -0.359874271 0.541638724 -0.840022070 0.019604900 0.024618315 
225.200000 -3.369999940 -36.750055164 -36.366839234 -0.006259341 0.200975138 -0.073698949 -114.350407688 3.573890782 -0.381522989 0.541892562 -0.839862493 0.019699798 0.024400049 
225.400000 -3.373797775 -36.710664855 -36.380548378 -0.006097688 0.201031865 -0.073616439 -114.316657971 3.558880906 -0.403180223 0.542146321 -0.839702792 0.019794694 0.024181779 
225.600000 -3.377579879 -36.671258251 -36.394245741 -0.005936024 0.201088451 -0.073533866 -114.282903116 3.543883764 -0.424845964 0.542400000 -0.839542968 0.019889587 0.023963506 
225.800000 -3.381346249 -36.631835372 -36.407931303 -0.005774349 0.201144897 -0.073451230 -114.249143131 3.528899366 -0.446520199 0.542653599 -0.839383021 0.019984476 0.023745229 
226.000000 -3.385096877 -36.592396237 -36.421605042 -0.046303753 0.331847502 -0.178485035 -114.215378028 3.513927726 -0.468202919 0.542907119 -0.839222951 0.020079363 0.023526949 
226.200000 -3.401868033 -36.500154283 -36.477988794 -0.087021768 0.463053958 -0.283034854 -114.117635512 3.529179329 -0.466937589 0.543620721 -0.838756061 0.020162487 0.023627469 
226.400000 -3.418650390 -36.407799893 -36.534260459 -0.087111884 0.463634340 -0.282484607 -114.019890831 3.544428789 -0.465646169 0.544333919 -0.838288545 0.020245597 0.023727972 
226.600000 -3.435443892 -36.315333351 -36.590419745 -0.087201125 0.464213402 -0.281932931 -113.922144117 3.559676040 -0.464328664 0.545046712 -0.837820405 0.020328691 0.023828457 
226.800000 -3.452248483 -36.222754944 -36.646466361 -0.087289492 0.464791138 -0.281379830 -113.824395502 3.574921015 -0.462985077 0.545759100 -0.837351641 0.020411770 0.023928924 
227.000000 -3.469064105 -36.130064959 -36.702400019 -0.132481673 0.507642461 -0.305033013 -113.726645117 3.590163645 -0.461615413 0.546471080 -0.836882256 0.020494834 0.024029373 
227.200000 -3.504437203 -36.021044284 -36.767101519 -0.177596066 0.550823468 -0.328394129 -113.608379551 3.615197592 -0.474568327 0.547334210 -0.836309252 0.020733681 0.024129074 
227.400000 -3.539815109 -35.911851977 -36.831628250 -0.177579473 0.551745505 -0.327565266 -113.490115980 3.640258254 -0.487469840 0.548196719 -0.835735293 0.020972505 0.024228748 
227.600000 -3.575197620 -35.802488578 -36.895979678 -0.177559953 0.552665210 -0.326733851 -113.371854630 3.665345467 -0.500319866 0.549058604 -0.835160379 0.021211306 0.024328394 
227.800000 -3.610584535 -35.692954628 -36.960155271 -0.177537506 0.553582568 -0.325899892 -113.253595728 3.690459066 -0.513118323 0.549919861 -0.834584515 0.021450082 0.024428012 
228.000000 -3.645975652 -35.583250669 -37.024154500 -0.041337341 0.367251384 -0.183898392 -113.135339501 3.715598887 -0.525865128 0.550780489 -0.834007700 0.021688833 0.024527602 
228.200000 -3.626967438 -35.546462083 -37.033473454 0.094836946 0.180124287 -0.042679842 -113.102408239 3.700287187 -0.509202692 0.551018459 -0.833856463 0.021501038 0.024490050 
228.400000 -3.607958433 -35.509655586 -37.042774956 0.094828278 0.180224616 -0.042606938 -113.069481998 3.684965927 -0.492549359 0.551256365 -0.833705128 0.021313240 0.024452494 
228.600000 -3.588948649 -35.472831196 -37.052058992 0.094819450 0.180324918 -0.042533980 -113.036560781 3.669635119 -0.475905135 0.551494208 -0.833553697 0.021125440 0.024414936 
228.800000 -3.569938102 -35.435988925 -37.061325545 0.094810462 0.180425193 -0.042460968 -113.003644596 3.654294772 -0.459270028 0.551731986 -0.833402169 0.020937638 0.024377375 
229.000000 -3.550926804 -35.399128789 -37.070574600 -0.042811632 0.194088510 -0.043171150 -112.970733448 3.638944896 -0.442644043 0.551969699 -0.833250544 0.020749833 0.024339811 
229.200000 -3.586774669 -35.358691442 -37.078273623 -0.180423185 0.207789554 -0.043856610 -112.940223130 3.664807656 -0.460797293 0.552192167 -0.833093757 0.021012870 0.024434867 
229.400000 -3.622623560 -35.318233253 -37.085947637 -0.180419380 0.207941137 -0.043772435 -112.909720126 3.690680070 -0.478937274 0.552414551 -0.832936842 0.021275903 0.024529919 
229.600000 -3.658473450 -35.277754240 -37.093596626 -0.180415309 0.208092740 -0.043688222 -112.879224435 3.716562120 -0.497063982 0.552636850 -0.832779801 0.021538934 0.024624967 
229.800000 -3.694324310 -35.237254425 -37.101220573 -0.180410970 0.208244364 -0.043603968 -112.848736060 3.742453789 -0.515177413 0.552859065 -0.832622633 0.021801960 0.024720011 
230.000000 -3.730176113 -35.196733826 -37.108819459 -0.210671492 -0.001045849 0.103035645 -112.818254999 3.768355059 -0.533277563 0.553081196 -0.832465339 0.022064984 0.024815052 
230.200000 -3.774602519 -35.239450520 -37.058508891 -0.240703870 -0.210212025 0.249940079 -112.881178413 3.817674462 -0.538926598 0.552619033 -0.832754840 0.022330141 0.025158410 
230.400000 -3.818991996 -35.282118864 -37.008123302 -0.240396415 -0.209956321 0.250303034 -112.944110431 3.866987718 -0.544630251 0.552156601 -0.833043938 0.022595287 0.025501756 
230.600000 -3.863344445 -35.324738735 -36.957662818 -0.240087760 -0.209700682 0.250665668 -113.007051085 3.916294718 -0.550388529 0.551693900 -0.833332631 0.022860422 0.025845091 
230.800000 -3.907659766 -35.367310012 -36.907127568 -0.239777908 -0.209445110 0.251027982 -113.070000409 3.965595353 -0.556201436 0.551230931 -0.833620919 0.023125546 0.026188412 
231.000000 -3.951937859 -35.409832577 -36.856517679 -0.231032723 0.318821010 -0.142085259 -113.132958433 4.014889516 -0.562068980 0.550767696 -0.833908802 0.023390659 0.026531721 
231.200000 -3.997751432 -35.242323908 -36.961238405 -0.222170072 0.849060679 -0.533447710 -112.945869144 4.042726555 -0.588022966 0.552130761 -0.832995338 0.023756666 0.026570847 
231.400000 -4.043534369 -35.074386216 -37.065527804 -0.221694448 0.851329106 -0.531377293 -112.758784471 4.070648219 -0.613886802 0.553492276 -0.832079511 0.024122610 0.026609899 
231.600000 -4.089285938 -34.906021647 -37.169383799 -0.221208463 0.853587153 -0.529296741 -112.571705404 4.098654053 -0.639660069 0.554852230 -0.831161328 0.024488487 0.026648876 
231.800000 -4.135005408 -34.737232357 -37.272804328 -0.220712149 0.855834728 -0.527206122 -112.384632930 4.126743597 -0.665342353 0.556210612 -0.830240798 0.024854293 0.026687777 
232.000000 -4.180692049 -34.568020519 -37.375787343 -0.187097087 0.641885747 -0.372086729 -112.197568036 4.154916387 -0.690933242 0.557567408 -0.829317927 0.025220026 0.026726602 
232.200000 -4.209023077 -34.483370265 -37.419244369 -0.154041905 0.426190756 -0.218615963 -112.110425404 4.187473769 -0.686432411 0.558192500 -0.828885142 0.025366277 0.026964911 
232.400000 -4.237382528 -34.398635305 -37.462599162 -0.154281740 0.426660920 -0.218127749 -112.023276398 4.220024350 -0.681881735 0.558817228 -0.828451811 0.025512511 0.027203202 
232.600000 -4.265770313 -34.313815872 -37.505851506 -0.154520238 0.427130344 -0.217638599 -111.936121076 4.252568011 -0.677281223 0.559441588 -0.828017937 0.025658728 0.027441476 
232.800000 -4.294186344 -34.228912199 -37.549001185 -0.154757397 0.427599023 -0.217148516 -111.848959497 4.285104634 -0.672630883 0.560065582 -0.827583520 0.025804928 0.027679731 
233.000000 -4.322630533 -34.143924520 -37.592047984 -0.167585187 0.130284411 0.004851159 -111.761791719 4.317634100 -0.667930720 0.560689206 -0.827148560 0.025951112 0.027917968 
233.200000 -4.356661697 -34.178389433 -37.545980162 -0.180146108 -0.167246067 0.226612758 -111.819740267 4.351261516 -0.681599991 0.560269401 -0.827418725 0.026199997 0.028107140 
233.400000 -4.390675640 -34.212810372 -37.499856323 -0.180026562 -0.167007233 0.226870500 -111.877699518 4.384875162 -0.695303991 0.559849401 -0.827688604 0.026448873 0.028296302 
233.600000 -4.424672301 -34.247187257 -37.453676549 -0.179906248 -0.166768330 0.227127975 -111.935669467 4.418474979 -0.709042713 0.559429206 -0.827958195 0.026697741 0.028485455 
233.800000 -4.458651619 -34.281520007 -37.407440921 -0.179785169 -0.166529361 0.227385181 -111.993650112 4.452060907 -0.722816145 0.559008818 -0.828227499 0.026946599 0.028674597 
234.000000 -4.492613533 -34.315808544 -37.361149522 0.251024896 -0.786525734 0.678917661 -112.051641449 4.485632885 -0.736624279 0.558588236 -0.828496515 0.027195447 0.028863730 
234.200000 -4.375778056 -34.596139102 -37.132900499 0.675820697 -1.400110290 1.138731254 -112.401331749 4.304847006 -0.810055638 0.556100206 -0.830236186 0.026762628 0.027279996 
234.400000 -4.259802887 -34.875206003 -36.902945666 0.667807540 -1.393263449 1.147249039 -112.750720548 4.123611360 -0.882364865 0.553605463 -0.831966028 0.026329474 0.025695880 
234.600000 -4.144694331 -35.152992541 -36.671300633 0.659700107 -1.386375692 1.155710738 -113.099805954 3.941937366 -0.953549662 0.551104096 -0.833685979 0.025896002 0.024111439 
234.800000 -4.030458570 -35.429482190 -36.437981254 0.651500214 -1.379447232 1.164115371 -113.448586148 3.759836471 -1.023607837 0.548596192 -0.835395978 0.025462226 0.022526730 
235.000000 -3.917101660 -35.704658613 -36.203003620 0.483365304 -0.577747948 0.515959631 -113.797059382 3.577320157 -1.092537311 0.546081843 -0.837095964 0.025028163 0.020941809 
235.200000 -3.859169726 -35.660690662 -36.231085416 0.321725357 0.217239263 -0.140066198 -113.754473037 3.495415650 -1.097951168 0.546400207 -0.836913988 0.024685299 0.020308283 
235.400000 -3.801187945 -35.616706800 -36.259077123 0.322149116 0.217336256 -0.139607840 -113.711882529 3.413515021 -1.103425553 0.546718214 -0.836731466 0.024342417 0.019674743 
235.600000 -3.743156510 -35.572707133 -36.286978616 0.322571398 0.217433824 -0.139149439 -113.669287741 3.331618421 -1.108960463 0.547035864 -0.836548396 0.023999520 0.019041189 
235.800000 -3.685075612 -35.528691768 -36.314789771 0.322992200 0.217531967 -0.138690997 -113.626688557 3.249726004 -1.114555895 0.547353157 -0.836364781 0.023656607 0.018407624 
236.000000 -3.626945444 -35.484660813 -36.342510463 0.173202390 0.263430227 -0.150887764 -113.584084860 3.167837922 -1.120211845 0.547670091 -0.836180619 0.023313679 0.017774047 
236.200000 -3.622207433 -35.422662690 -36.375334535 0.023079341 0.309466909 -0.163298687 -113.519011227 3.167240598 -1.113367404 0.548143823 -0.835871016 0.023270988 0.017789187 
236.400000 -3.617470427 -35.360615085 -36.408110136 0.023064836 0.309713076 -0.163055956 -113.453937641 3.166635513 -1.106523645 0.548617379 -0.835561143 0.023228290 0.017804320 
236.600000 -3.612734432 -35.298518079 -36.440837182 0.023050237 0.309958834 -0.162812809 -113.388864145 3.166022666 -1.099680579 0.549090758 -0.835251001 0.023185584 0.017819448 
236.800000 -3.607999454 -35.236371756 -36.473515591 0.023035543 0.310204181 -0.162569245 -113.323790782 3.165402060 -1.092838222 0.549563960 -0.834940590 0.023142870 0.017834570 
237.000000 -3.603265501 -35.174176198 -36.506145277 -0.091827879 0.204564014 -0.089853394 -113.258717597 3.164773696 -1.085996586 0.550036985 -0.834629910 0.023100150 0.017849687 
237.200000 -3.640346309 -35.154658695 -36.509707379 -0.206735268 0.098683155 -0.017250810 -113.244871985 3.213699237 -1.077414572 0.550133302 -0.834553045 0.023274501 0.018244539 
237.400000 -3.677434678 -35.135142978 -36.513244082 -0.206811794 0.098687672 -0.017118989 -113.231018356 3.262622735 -1.068820297 0.550229509 -0.834476011 0.023448847 0.018639389 
237.600000 -3.714530574 -35.115629060 -36.516755376 -0.206888114 0.098692266 -0.016987196 -113.217156694 3.311544167 -1.060213749 0.550325604 -0.834398809 0.023623189 0.019034234 
237.800000 -3.751633965 -35.096116951 -36.520241253 -0.206964227 0.098696935 -0.016855429 -113.203286984 3.360463507 -1.051594919 0.550421589 -0.834321439 0.023797525 0.019429076 
238.000000 -3.788744818 -35.076606663 -36.523701703 -0.044414188 0.254731973 -0.141770190 -113.189409210 3.409380733 -1.042963797 0.550517463 -0.834243900 0.023971857 0.019823913 
238.200000 -3.764842125 -34.993514017 -36.577917485 0.118145909 0.411313823 -0.266296728 -113.095700961 3.393681947 -1.018621029 0.551196495 -0.833802571 0.023735484 0.019807126 
238.400000 -3.740940373 -34.910311375 -36.632026829 0.118084619 0.411868452 -0.265780192 -113.002000723 3.377943408 -0.994304357 0.551875137 -0.833360648 0.023499094 0.019790324 
238.600000 -3.717039661 -34.826998997 -36.686029467 0.118021901 0.412421961 -0.265262433 -112.908308636 3.362165182 -0.970013877 0.552553385 -0.832918130 0.023262687 0.019773509 
238.800000 -3.693140094 -34.743577144 -36.739925132 0.117957756 0.412974346 -0.264743455 -112.814624838 3.346347338 -0.945749684 0.553231240 -0.832475020 0.023026263 0.019756679 
239.000000 -3.669241774 -34.660046079 -36.793713557 0.126889300 0.134774220 -0.061246999 -112.720949469 3.330489945 -0.921511874 0.553908700 -0.832031319 0.022789823 0.019739836 
239.200000 -3.638799900 -34.687272069 -36.767118670 0.136036761 -0.143751753 0.141847825 -112.764560255 3.324806036 -0.883293821 0.553585871 -0.832251025 0.022477302 0.019891845 
239.400000 -3.608338328 -34.714454918 -36.740497405 0.136259526 -0.143529826 0.141964601 -112.808174614 3.319151167 -0.845071633 0.553262890 -0.832470505 0.022164775 0.020043849 
239.600000 -3.577857107 -34.741594575 -36.713849809 0.136481809 -0.143307542 0.142081213 -112.851792506 3.313525345 -0.806845352 0.552939758 -0.832689757 0.021852241 0.020195847 
239.800000 -3.547356287 -34.768690989 -36.687175929 0.136703609 -0.143084902 0.142197660 -112.895413888 3.307928579 -0.768615020 0.552616474 -0.832908782 0.021539701 0.020347840 
240.000000 -3.516835916 -34.795744109 -36.660475811 0.165154590 0.178603417 -0.098311475 -112.939038720 3.302360878 -0.730380676 0.552293040 -0.833127579 0.021227156 0.020499827 
240.200000 -3.480346386 -34.694986764 -36.728681934 0.193677505 0.500863462 -0.338099804 -112.824187934 3.266601793 -0.716220810 0.553128564 -0.832584765 0.020972298 0.020287016 
240.400000 -3.443816759 -34.594071612 -36.796717612 0.193990665 0.501655272 -0.337260961 -112.709349694 3.230814325 -0.702133222 0.553963480 -0.832041032 0.020717416 0.020074182 
240.600000 -3.407247233 -34.492999155 -36.864582335 0.194300874 0.502445322 -0.336419918 -112.594524172 3.194998701 -0.688117981 0.554797786 -0.831496380 0.020462511 0.019861325 
240.800000 -3.370638005 -34.391769897 -36.932275596 0.194608125 0.503233602 -0.335576684 -112.479711541 3.159155146 -0.674175157 0.555631479 -0.830950812 0.020207583 0.019648447 
241.000000 -3.333989275 -34.290384345 -36.999796887 0.109111866 0.295988892 -0.189792924 -112.364911972 3.123283888 -0.660304817 0.556464556 -0.830404329 0.019952634 0.019435548 
241.200000 -3.333601406 -34.273496981 -37.007800697 0.023430692 0.087950671 -0.044841260 -112.355496886 3.102159357 -0.686726585 0.556539117 -0.830358757 0.020043143 0.019152480 
241.400000 -3.333207511 -34.256606944 -37.015804566 0.023491875 0.087927356 -0.044808294 -112.346072230 3.081039158 -0.713151310 0.556613626 -0.830313106 0.020133650 0.018869410 
241.600000 -3.332807590 -34.239714241 -37.023808490 0.023553016 0.087904017 -0.044775328 -112.336638006 3.059923299 -0.739578995 0.556688080 -0.830267374 0.020224155 0.018586338 
241.800000 -3.332401639 -34.222818874 -37.031812465 0.023614116 0.087880653 -0.044742364 -112.327194216 3.038811789 -0.766009640 0.556762481 -0.830221563 0.020314659 0.018303265 
242.000000 -3.331989658 -34.205920847 -37.039816487 0.110501699 0.183542233 -0.120487608 -112.317740860 3.017704638 -0.792443247 0.556836829 -0.830175673 0.020405160 0.018020189 
242.200000 -3.293508138 -34.149104331 -37.079889532 0.197385798 0.279500330 -0.195967564 -112.256973645 2.985372418 -0.771233829 0.557276188 -0.829891227 0.020103959 0.017878301 
242.400000 -3.255015504 -34.092234137 -37.119900984 0.197438801 0.279805733 -0.195700160 -112.196220129 2.953017718 -0.750059356 0.557715332 -0.829606461 0.019802750 0.017736405 
242.600000 -3.216511836 -34.035310358 -37.159850749 0.197490855 0.280111032 -0.195432436 -112.135480328 2.920640605 -0.728919853 0.558154262 -0.829321375 0.019501533 0.017594503 
242.800000 -3.177997212 -33.978333086 -37.199738733 0.197541959 0.280416226 -0.195164390 -112.074754257 2.888241144 -0.707815344 0.558592977 -0.829035971 0.019200309 0.017452593 
243.000000 -3.139471712 -33.921302414 -37.239564842 0.183700069 0.310715560 -0.224234189 -112.014041935 2.855819403 -0.686745852 0.559031476 -0.828750248 0.018899078 0.017310678 
243.200000 -3.112974483 -33.853497692 -37.289422260 0.170356004 0.340993358 -0.253103505 -111.936680481 2.803231454 -0.712426632 0.559598683 -0.828379381 0.018839713 0.016792273 
243.400000 -3.086401288 -33.785632197 -37.339192646 0.171069850 0.341211307 -0.252581960 -111.859298708 2.750678074 -0.738177390 0.560165481 -0.828007907 0.018780333 0.016273855 
243.600000 -3.059752201 -33.717706161 -37.388875773 0.171782298 0.341428635 -0.252059834 -111.781896617 2.698159445 -0.763998076 0.560731871 -0.827635827 0.018720940 0.015755424 
243.800000 -3.033027299 -33.649719819 -37.438471412 0.172493338 0.341645344 -0.251537129 -111.704474207 2.645675748 -0.789888640 0.561297849 -0.827263142 0.018661533 0.015236983 
244.000000 -3.006226658 -33.581673403 -37.487979337 0.059854840 0.192422328 -0.116092335 -111.627031477 2.593227166 -0.815849031 0.561863416 -0.826889852 0.018602113 0.014718531 
244.200000 -3.013318679 -33.572873161 -37.484617918 -0.053316119 0.042918680 0.018885769 -111.626725319 2.615430678 -0.800437593 0.561862286 -0.826886443 0.018599761 0.014954301 
244.400000 -3.020410458 -33.564074320 -37.481254488 -0.053314373 0.042895914 0.018913118 -111.626413177 2.637634110 -0.785025760 0.561861125 -0.826882987 0.018597407 0.015190070 
244.600000 -3.027501992 -33.555276881 -37.477889048 -0.053312598 0.042873146 0.018940466 -111.626095051 2.659837458 -0.769613528 0.561859932 -0.826879486 0.018595053 0.015425838 
244.800000 -3.034593280 -33.546480842 -37.474521598 -0.053310796 0.042850378 0.018967814 -111.625770939 2.682040719 -0.754200896 0.561858708 -0.826875939 0.018592698 0.015661606 
245.000000 -3.041684321 -33.537686205 -37.471152137 -0.299699299 -0.398106684 0.330935723 -111.625440843 2.704243888 -0.738787860 0.561857453 -0.826872345 0.018590341 0.015897372 
245.200000 -3.130359660 -33.704870724 -37.343846116 -0.542408409 -0.837166321 0.646506042 -111.829654656 2.856581151 -0.682681972 0.560363606 -0.827850159 0.018901272 0.017305622 
245.400000 -3.218503267 -33.871644794 -37.215875277 -0.537497064 -0.835595377 0.650349171 -112.033750054 3.009119536 -0.627111627 0.558866784 -0.828823628 0.019212109 0.018713803 
245.600000 -3.306113161 -34.038003982 -37.087243952 -0.532554369 -0.834016788 0.654182035 -112.237727572 3.161855390 -0.572077555 0.557367010 -0.829792735 0.019522845 0.020121893 
245.800000 -3.393187392 -34.203943882 -36.957956515 -0.527580682 -0.832430438 0.658004476 -112.441587757 3.314785057 -0.517580471 0.555864308 -0.830757467 0.019833478 0.021529870 
246.000000 -3.479724046 -34.369460114 -36.828017383 -0.149480433 -0.359996354 0.300926330 -112.645331173 3.467904873 -0.463621081 0.554358702 -0.831717807 0.020144001 0.022937711 
246.200000 -3.437026910 -34.346469928 -36.840655503 0.224910755 0.110609636 -0.059590090 -112.621986252 3.426760441 -0.451191074 0.554530454 -0.831616805 0.019859433 0.022695117 
246.400000 -3.394320374 -34.323466202 -36.853262455 0.224975135 0.110723543 -0.059473591 -112.598651259 3.385610935 -0.438778387 0.554702107 -0.831515653 0.019574861 0.022452520 
246.600000 -3.351604477 -34.300448951 -36.865838220 0.225039273 0.110837555 -0.059357072 -112.575326178 3.344456380 -0.426383011 0.554873660 -0.831414353 0.019290286 0.022209918 
246.800000 -3.308879254 -34.277418192 -36.878382781 0.225103169 0.110951674 -0.059240534 -112.552010992 3.303296799 -0.414004937 0.555045114 -0.831312903 0.019005708 0.021967313 
247.000000 -3.266144745 -34.254373941 -36.890896119 0.118855484 0.053987321 -0.030020401 -112.528705686 3.262132216 -0.401644156 0.555216468 -0.831211303 0.018721126 0.021724703 
247.200000 -3.264762220 -34.255236314 -36.890768428 0.012551575 -0.003073475 -0.000931523 -112.534328579 3.257345649 -0.410074457 0.555177813 -0.831238238 0.018758030 0.021650053 
247.400000 -3.263380473 -34.256098038 -36.890640575 0.012543707 -0.003072797 -0.000928517 -112.539950739 3.252558255 -0.418504248 0.555139152 -0.831265165 0.018794933 0.021575401 
247.600000 -3.261999504 -34.256959115 -36.890512561 0.012535839 -0.003072118 -0.000925512 -112.545572167 3.247770036 -0.426933528 0.555100487 -0.831292084 0.018831836 0.021500750 
247.800000 -3.260619312 -34.257819543 -36.890384384 0.012527971 -0.003071437 -0.000922507 -112.551192863 3.242980991 -0.435362297 0.555061817 -0.831318996 0.018868739 0.021426099 
248.000000 -3.259239897 -34.258679322 -36.890256046 0.126371656 0.081111106 -0.052400574 -112.556812827 3.238191121 -0.443790555 0.555023142 -0.831345900 0.018905642 0.021351447 
248.200000 -3.211312792 -34.224280106 -36.912302184 0.240217670 0.165495535 -0.103736544 -112.521253752 3.205711952 -0.414630200 0.555279214 -0.831185611 0.018543419 0.021251265 
248.400000 -3.163382316 -34.189846906 -36.934311727 0.240209514 0.165722571 -0.103615131 -112.485712335 3.173214702 -0.385490940 0.555535158 -0.831025129 0.018181192 0.021151078 
248.600000 -3.115448526 -34.155379752 -36.956284642 0.240200891 0.165949655 -0.103493642 -112.450188580 3.140699408 -0.356372779 0.555790973 -0.830864453 0.017818960 0.021050885 
248.800000 -3.067511475 -34.120878676 -36.978220895 0.240191803 0.166176788 -0.103372078 -112.414682487 3.108166105 -0.327275723 0.556046658 -0.830703584 0.017456724 0.020950688 
249.000000 -3.019571221 -34.086343709 -37.000120451 0.190360643 0.153954035 -0.102446790 -112.379194058 3.075614832 -0.298199774 0.556302214 -0.830542523 0.017094484 0.020850486 
249.200000 -2.996200638 -34.058303123 -37.019905426 0.140667083 0.141542152 -0.101558368 -112.351291885 3.038871239 -0.315109870 0.556511528 -0.830412107 0.017043697 0.020497905 
249.400000 -2.972811240 -34.030257192 -37.039672825 0.140843122 0.141537856 -0.101435220 -112.323379782 3.002135854 -0.332037319 0.556720737 -0.830281535 0.016992907 0.020145320 
249.600000 -2.949403040 -34.002205938 -37.059422625 0.141018953 0.141533557 -0.101312057 -112.295457739 2.965408702 -0.348982124 0.556929842 -0.830150808 0.016942114 0.019792732 
249.800000 -2.925976054 -33.974149384 -37.079154803 0.141194577 0.141529255 -0.101188881 -112.267525748 2.928689808 -0.365944287 0.557138842 -0.830019924 0.016891318 0.019440139 
250.000000 -2.902530295 -33.946087552 -37.098869339 0.151994033 0.175402960 -0.116552915 -112.239583799 2.891979200 -0.382923809 0.557347738 -0.829888885 0.016840518 0.019087543 
250.200000 -2.869978883 -33.903484006 -37.125971294 0.162651822 0.209427892 -0.131879443 -112.194077611 2.872751252 -0.363816596 0.557675979 -0.829674085 0.016616203 0.019034612 
250.400000 -2.837425920 -33.860849365 -37.153041332 0.162637925 0.209600975 -0.131741321 -112.148578581 2.853508144 -0.344724988 0.558004105 -0.829459113 0.016391885 0.018981676 
250.600000 -2.804871437 -33.818183666 -37.180079413 0.162623664 0.209773971 -0.131603060 -112.103086723 2.834249897 -0.325649001 0.558332115 -0.829243970 0.016167563 0.018928737 
250.800000 -2.772315463 -33.775486946 -37.207085501 0.162609038 0.209946878 -0.131464660 -112.057602052 2.814976533 -0.306588650 0.558660010 -0.829028655 0.015943237 0.018875794 
251.000000 -2.739758029 -33.732759242 -37.234059557 0.124235955 0.292772748 -0.204606885 -112.012124580 2.795688076 -0.287543949 0.558987789 -0.828813168 0.015718909 0.018822846 
251.200000 -2.721593861 -33.657130031 -37.290125703 0.085783363 0.375874231 -0.277453656 -111.925353201 2.790981307 -0.269121789 0.559612675 -0.828393054 0.015577000 0.018866876 
251.400000 -2.703439051 -33.581412189 -37.346102700 0.085662836 0.376315197 -0.277011136 -111.838583537 2.786246669 -0.250706829 0.560237231 -0.827972452 0.015435083 0.018910894 
251.600000 -2.685293646 -33.505605922 -37.401990346 0.085541707 0.376755150 -0.276567656 -111.751815699 2.781484179 -0.232299132 0.560861458 -0.827551361 0.015293156 0.018954901 
251.800000 -2.667157688 -33.429711436 -37.457788445 0.085419977 0.377194086 -0.276123219 -111.665049801 2.776693854 -0.213898761 0.561485355 -0.827129784 0.015151220 0.018998897 
252.000000 -2.649031224 -33.353728938 -37.513496796 0.252212967 0.108341168 -0.062040151 -111.578285953 2.771875711 -0.195505783 0.562108919 -0.826707719 0.015009275 0.019042881 
252.200000 -2.570022146 -33.384682990 -37.484031649 0.418956740 -0.160651275 0.152027986 -111.620389538 2.697657747 -0.181832985 0.561810688 -0.826929341 0.014539785 0.018579824 
252.400000 -2.491036977 -33.415602192 -37.454466362 0.418759577 -0.160288796 0.152398452 -111.662508390 2.623449713 -0.168106393 0.561512135 -0.827150490 0.014070285 0.018116755 
252.600000 -2.412075924 -33.446486443 -37.424801019 0.418561016 -0.159927010 0.152768949 -111.704642596 2.549251739 -0.154325996 0.561213259 -0.827371165 0.013600777 0.017653676 
252.800000 -2.333139196 -33.477335641 -37.395035705 0.418361057 -0.159565917 0.153139473 -111.746792246 2.475063953 -0.140491779 0.560914063 -0.827591365 0.013131262 0.017190587 
253.000000 -2.254227001 -33.508149686 -37.365170509 0.283524772 0.011045611 0.026817162 -111.788957426 2.400886484 -0.126603727 0.560614545 -0.827811092 0.012661740 0.016727489 
253.200000 -2.227348831 -33.471718948 -37.385162634 0.148921597 0.181431645 -0.099813355 -111.753812139 2.371387151 -0.128552738 0.560871461 -0.827643496 0.012536571 0.016500998 
253.400000 -2.200457058 -33.435274845 -37.405130867 0.149038000 0.181501431 -0.099692647 -111.718666576 2.341889005 -0.130519818 0.561128287 -0.827475766 0.012411401 0.016274505 
253.600000 -2.173551697 -33.398817401 -37.425075183 0.149154188 0.181571226 -0.099571888 -111.683520730 2.312392065 -0.132504966 0.561385022 -0.827307903 0.012286228 0.016048010 
253.800000 -2.146632767 -33.362346640 -37.444995562 0.149270159 0.181641032 -0.099451077 -111.648374593 2.282896352 -0.134508180 0.561641667 -0.827139908 0.012161054 0.015821512 
254.000000 -2.119700286 -33.325862583 -37.464891979 0.156874327 0.222329725 -0.134167894 -111.613228158 2.253401887 -0.136529460 0.561898221 -0.826971778 0.012035877 0.015595011 
254.200000 -2.088994923 -33.272954632 -37.498859275 0.164493083 0.263157089 -0.168755480 -111.554713878 2.225161763 -0.131447652 0.562322210 -0.826689421 0.011868608 0.015410064 
254.400000 -2.058272426 -33.220006388 -37.532775544 0.164627808 0.263369137 -0.168508842 -111.496203160 2.196916439 -0.126394801 0.562746018 -0.826406797 0.011701334 0.015225112 
254.600000 -2.027532834 -33.167017927 -37.566640713 0.164761951 0.263581019 -0.168261927 -111.437696015 2.168665964 -0.121370910 0.563169646 -0.826123907 0.011534057 0.015040155 
254.800000 -1.996776189 -33.113989326 -37.600454707 0.164895514 0.263792733 -0.168014736 -111.379192452 2.140410386 -0.116375985 0.563593092 -0.825840751 0.011366776 0.014855193 
255.000000 -1.966002532 -33.060920662 -37.634217453 0.096490748 0.113849141 -0.051176582 -111.320692480 2.112149754 -0.111410030 0.564016357 -0.825557330 0.011199492 0.014670226 
255.200000 -1.956640981 -33.067710597 -37.621719589 0.028031272 -0.036293187 0.065423368 -111.333750314 2.125253948 -0.088431992 0.563918207 -0.825622028 0.011096750 0.014878997 
255.400000 -1.947273523 -33.074496062 -37.609220945 0.028092542 -0.036293459 0.065445575 -111.346803002 2.138363376 -0.065456743 0.563820019 -0.825686670 0.010994007 0.015087767 
255.600000 -1.937900159 -33.081277055 -37.596721526 0.028153821 -0.036293701 0.065467779 -111.359850541 2.151478034 -0.042484286 0.563721793 -0.825751256 0.010891263 0.015296535 
255.800000 -1.928520892 -33.088053571 -37.584221333 0.028215110 -0.036293912 0.065489980 -111.372892928 2.164597917 -0.019514621 0.563623528 -0.825815786 0.010788519 0.015505303 
256.000000 -1.919135725 -33.094825607 -37.571720371 0.198254780 0.049286063 -0.002103577 -111.385930161 2.177723021 0.003452248 0.563525225 -0.825880259 0.010685774 0.015714070 
256.200000 -1.854563181 -33.067677575 -37.585449463 0.368474075 0.134865679 -0.069333251 -111.357669016 2.097370451 -0.013302698 0.563738489 -0.825750531 0.010415091 0.015049987 
256.400000 -1.789956107 -33.040533118 -37.599107679 0.368769544 0.134857695 -0.068941962 -111.329385736 2.017026013 -0.030096486 0.563951429 -0.825620326 0.010144402 0.014385895 
256.600000 -1.725314654 -33.013392305 -37.612694951 0.369063906 0.134850093 -0.068550706 -111.301080246 1.936689827 -0.046929152 0.564164043 -0.825489646 0.009873707 0.013721794 
256.800000 -1.660638972 -32.986255204 -37.626211209 0.369357162 0.134842872 -0.068159484 -111.272752474 1.856362011 -0.063800734 0.564376332 -0.825358489 0.009603006 0.013057685 
257.000000 -1.595929214 -32.959121883 -37.639656383 -0.118628879 -0.241760256 0.193353831 -111.244402347 1.776042684 -0.080711269 0.564588295 -0.825226856 0.009332300 0.012393570 
257.200000 -1.694892721 -33.082394338 -37.549505149 -0.603900084 -0.617469022 0.457303700 -111.400643070 1.943040562 -0.019745080 0.563442810 -0.825981043 0.009697063 0.013909807 
257.400000 -1.793428000 -33.205467123 -37.458847568 -0.599977925 -0.616831173 0.460332262 -111.556724031 2.110206059 0.040772257 0.562294880 -0.826731678 0.010061789 0.015426004 
257.600000 -1.891533182 -33.328337430 -37.367686333 -0.596030767 -0.616193614 0.463357385 -111.712646329 2.277536330 0.100840657 0.561144520 -0.827478749 0.010426473 0.016942141 
257.800000 -1.989206422 -33.451002463 -37.276024164 -0.592058769 -0.615556249 0.466378983 -111.868411071 2.445028524 0.160460037 0.559991744 -0.828222249 0.010791110 0.018458199 
258.000000 -2.086445896 -33.573459436 -37.183863804 -0.174583150 -0.326702959 0.265397916 -112.024019374 2.612679794 0.219630318 0.558836568 -0.828962167 0.011155696 0.019974157 
258.200000 -2.040034106 -33.580379865 -37.172253737 0.239880556 -0.038666169 0.061734738 -112.036940194 2.574006637 0.235917684 0.558745094 -0.829032695 0.010847017 0.019775062 
258.400000 -1.993624503 -33.587287732 -37.160616489 0.239863135 -0.038536120 0.061815374 -112.049871636 2.535337134 0.252213296 0.558653537 -0.829103100 0.010538336 0.019575964 
258.600000 -1.947217121 -33.594183028 -37.148952068 0.239845554 -0.038406142 0.061896022 -112.062813703 2.496671302 0.268517162 0.558561898 -0.829173382 0.010229653 0.019376863 
258.800000 -1.900811992 -33.601065745 -37.137260479 0.239827815 -0.038276235 0.061976681 -112.075766404 2.458009157 0.284829292 0.558470176 -0.829243541 0.009920968 0.019177759 
259.000000 -1.854409151 -33.607935874 -37.125541729 0.154423474 0.061984620 -0.006545859 -112.088729742 2.419350716 0.301149694 0.558378370 -0.829313578 0.009612283 0.018978652 
259.200000 -1.839609744 -33.575139513 -37.140953197 0.068995673 0.162218198 -0.075102887 -112.054067158 2.416752336 0.314708258 0.558627272 -0.829146131 0.009507249 0.019023041 
259.400000 -1.824814271 -33.542327454 -37.156350269 0.068948707 0.162296208 -0.075032867 -112.019405246 2.414145761 0.328265226 0.558876117 -0.828978599 0.009402214 0.019067429 
259.600000 -1.810022738 -33.509499713 -37.171732930 0.068901670 0.162374145 -0.074962786 -111.984744015 2.411530993 0.341820587 0.559124903 -0.828810982 0.009297178 0.019111814 
259.800000 -1.795235149 -33.476656304 -37.187101167 0.068854561 0.162452008 -0.074892642 -111.950083475 2.408908032 0.355374336 0.559373633 -0.828643279 0.009192141 0.019156197 
260.000000 -1.780451512 -33.443797241 -37.202454967 0.115811812 0.235550803 -0.130897223 -111.915423635 2.406276880 0.368926463 0.559622304 -0.828475491 0.009087103 0.019200579 
260.200000 -1.746952208 -33.381291139 -37.240574146 0.162725784 0.308924540 -0.186651750 -111.843626817 2.389874819 0.394493014 0.560139062 -0.828128914 0.008834176 0.019201332 
260.400000 -1.713458821 -33.318716016 -37.278625775 0.162619768 0.309283948 -0.186337330 -111.771838090 2.373440741 0.420038704 0.560655567 -0.827781963 0.008581244 0.019202076 
260.600000 -1.679971419 -33.256072004 -37.316609727 0.162512854 0.309642806 -0.186022360 -111.700057523 2.356974690 0.445563473 0.561171820 -0.827434638 0.008328308 0.019202812 
260.800000 -1.646490071 -33.193359234 -37.354525875 0.162405046 0.310001110 -0.185706840 -111.628285184 2.340476711 0.471067264 0.561687819 -0.827086940 0.008075369 0.019203539 
261.000000 -1.613014845 -33.130577836 -37.392374092 0.246134703 0.085503072 -0.024727481 -111.556521142 2.323946849 0.496550018 0.562203564 -0.826738869 0.007822426 0.019204257 
261.200000 -1.551601243 -33.157750757 -37.365654318 0.329821114 -0.139165247 0.136232336 -111.593425880 2.261743383 0.503393075 0.561944209 -0.826927994 0.007461744 0.018791509 
261.400000 -1.490208113 -33.184902696 -37.338866259 0.329650939 -0.138948812 0.136501668 -111.630336538 2.199544258 0.510275946 0.561684627 -0.827116785 0.007101059 0.018378753 
261.600000 -1.428835571 -33.212033593 -37.312009970 0.329479953 -0.138732779 0.136771006 -111.667253172 2.137349552 0.517198633 0.561424817 -0.827305243 0.006740370 0.017965989 
261.800000 -1.367483733 -33.239143386 -37.285085502 0.329308156 -0.138517147 0.137040349 -111.704175836 2.075159339 0.524161139 0.561164782 -0.827493367 0.006379679 0.017553218 
262.000000 -1.306152716 -33.266232017 -37.258092912 0.249272559 0.159866197 -0.073803292 -111.741104588 2.012973698 0.531163466 0.560904520 -0.827681156 0.006018986 0.017140440 
262.200000 -1.273323730 -33.174152089 -37.315365474 0.169439297 0.458730509 -0.284253152 -111.636013586 1.987234743 0.545215654 0.561664325 -0.827169784 0.005807080 0.017018015 
262.400000 -1.240478078 -33.081941882 -37.372496454 0.169538062 0.459395547 -0.283562061 -111.530930250 1.961470006 0.559220400 0.562423627 -0.826657666 0.005595168 0.016895575 
262.600000 -1.207615887 -32.989601782 -37.429485482 0.169634931 0.460058991 -0.282869277 -111.425854734 1.935679619 0.573177640 0.563182424 -0.826144806 0.005383251 0.016773120 
262.800000 -1.174737285 -32.897132176 -37.486332192 0.169729900 0.460720834 -0.282174808 -111.320787192 1.909863719 0.587087309 0.563940715 -0.825631203 0.005171330 0.016650649 
263.000000 -1.141842399 -32.804533454 -37.543036215 0.154302917 0.277499596 -0.147009066 -111.215727778 1.884022441 0.600949344 0.564698496 -0.825116860 0.004959404 0.016528164 
263.200000 -1.113214246 -32.785306991 -37.546024805 0.138788992 0.093682510 -0.012513253 -111.197922317 1.870745887 0.619789836 0.564825562 -0.825031123 0.004760868 0.016524682 
263.400000 -1.084587252 -32.766070267 -37.549004901 0.138766949 0.093747981 -0.012487395 -111.180121355 1.857463480 0.638626061 0.564952592 -0.824945334 0.004562332 0.016521199 
263.600000 -1.055961425 -32.746823287 -37.551976499 0.138744840 0.093813444 -0.012461527 -111.162324895 1.844175224 0.657458017 0.565079587 -0.824859493 0.004363795 0.016517716 
263.800000 -1.027336773 -32.727566054 -37.554939594 0.138722666 0.093878899 -0.012435649 -111.144532939 1.830881124 0.676285701 0.565206546 -0.824773600 0.004165258 0.016514231 
264.000000 -0.998713304 -32.708298573 -37.557894182 0.107277422 0.068793317 -0.000298815 -111.126745489 1.817581185 0.695109111 0.565333470 -0.824687655 0.003966721 0.016510745 
264.200000 -0.986911225 -32.699802942 -37.555245354 0.075870907 0.043640783 0.011822662 -111.119503954 1.799200240 0.680198176 0.565389945 -0.824652953 0.003984355 0.016304664 
264.400000 -0.975106128 -32.691307420 -37.552594907 0.075900669 0.043625759 0.011845505 -111.112257705 1.780821177 0.665285063 0.565446393 -0.824618213 0.004001988 0.016098583 
264.600000 -0.963298013 -32.682812007 -37.549942842 0.075930410 0.043610733 0.011868346 -111.105006741 1.762443999 0.650369773 0.565502814 -0.824583433 0.004019622 0.015892500 
264.800000 -0.951486881 -32.674316706 -37.547289155 0.075960130 0.043595703 0.011891187 -111.097751063 1.744068710 0.635452303 0.565559209 -0.824548615 0.004037255 0.015686417 
265.000000 -0.939672733 -32.665821517 -37.544633847 0.219284750 -0.125239156 0.130395293 -111.090490671 1.725695312 0.620532652 0.565615577 -0.824513758 0.004054888 0.015480334 
265.200000 -0.866553438 -32.723387656 -37.495921726 0.362673513 -0.293427786 0.249366950 -111.163189199 1.677611509 0.662681162 0.565092170 -0.824877627 0.003504488 0.015344666 
265.400000 -0.793434134 -32.780848563 -37.447093465 0.362784004 -0.292720453 0.249785741 -111.235921493 1.629581108 0.704889746 0.564568351 -0.825240897 0.002954085 0.015208987 
265.600000 -0.720315093 -32.838204021 -37.398149264 0.362891704 -0.292012964 0.250203953 -111.308687509 1.581604281 0.747158329 0.564044120 -0.825603566 0.002403679 0.015073296 
265.800000 -0.647196584 -32.895453811 -37.349089322 0.362996616 -0.291305330 0.250621583 -111.381487202 1.533681200 0.789486838 0.563519480 -0.825965635 0.001853272 0.014937595 
266.000000 -0.574078879 -32.952597715 -37.299913839 0.368114548 -0.085638265 0.108361421 -111.454320530 1.485812037 0.831875199 0.562994430 -0.826327101 0.001302865 0.014801883 
266.200000 -0.505881738 -32.928446561 -37.306928539 0.373305476 0.119496210 -0.034046719 -111.426399066 1.413548140 0.831533280 0.563204076 -0.826193907 0.000953675 0.014278935 
266.400000 -0.437660103 -32.904286569 -37.313872399 0.373505273 0.119621994 -0.033731112 -111.398477980 1.341284320 0.831156146 0.563413464 -0.826060334 0.000604485 0.013755981 
266.600000 -0.369414109 -32.880117793 -37.320745366 0.373704242 0.119748165 -0.033415527 -111.370557207 1.269020660 0.830743798 0.563622595 -0.825926384 0.000255293 0.013233019 
266.800000 -0.301143888 -32.855940288 -37.327547389 0.373902383 0.119874723 -0.033099964 -111.342636686 1.196757244 0.830296239 0.563831468 -0.825792057 -0.000093898 0.012710052 
267.000000 -0.232849574 -32.831754109 -37.334278415 0.359054068 -0.093982392 0.130350981 -111.314716352 1.124494154 0.829813472 0.564040083 -0.825657352 -0.000443088 0.012187080 
267.200000 -0.163451839 -32.892586497 -37.276195399 0.344136031 -0.307352145 0.293935278 -111.389686230 1.081850311 0.868941785 0.563499944 -0.826027357 -0.000942859 0.012071834 
267.400000 -0.094054247 -32.953317443 -37.218003255 0.344239149 -0.306702819 0.294351134 -111.464684341 1.039257614 0.908125415 0.562959414 -0.826396792 -0.001442630 0.011956579 
267.600000 -0.024657031 -33.013946733 -37.159702181 0.344339728 -0.306053213 0.294766352 -111.539710629 0.996716215 0.947364282 0.562418494 -0.826765655 -0.001942401 0.011841316 
267.800000 0.044739576 -33.074474157 -37.101292375 0.344437768 -0.305403334 0.295180930 -111.614765038 0.954226265 0.986658307 0.561877185 -0.827133946 -0.002442170 0.011726045 
268.000000 0.114135341 -33.134899505 -37.042774036 0.348186959 -0.232256135 0.233891819 -111.689847512 0.911787914 1.026007408 0.561335489 -0.827501664 -0.002941936 0.011610765 
268.200000 0.181057154 -33.166499679 -37.008618987 0.351762888 -0.159442752 0.172461347 -111.729428313 0.850086500 1.043794135 0.561054203 -0.827695711 -0.003376578 0.011251206 
268.400000 0.247960209 -33.198065633 -36.974387055 0.351627108 -0.159131624 0.172738346 -111.769027711 0.788397308 1.061623235 0.560772673 -0.827889398 -0.003811219 0.010891642 
268.600000 0.314844364 -33.229597297 -36.940078306 0.351490346 -0.158820933 0.173015308 -111.808645759 0.726720427 1.079494724 0.560490899 -0.828082725 -0.004245859 0.010532073 
268.800000 0.381709477 -33.261094603 -36.905692805 0.351352604 -0.158510678 0.173292233 -111.848282509 0.665055947 1.097408618 0.560208882 -0.828275692 -0.004680497 0.010172499 
269.000000 0.448555405 -33.292557483 -36.871230619 0.351248799 -0.158248750 0.173615151 -111.887938014 0.603403957 1.115364932 0.559926621 -0.828468298 -0.005115132 0.009812921 
