200.000000 -0.000000000 -42.320508076 -33.301270189 -0.082534785 0.195687257 -0.118318286 -120.000000000 0.000000000 0.000000000 0.500000000 -0.866025404 -0.000000000 0.000000000 0.000000000 0.000000000 0.000000000 0.000000000 0.000000000 20.000000000 0.000000000 0.000000000 0.000000000 0.000000000 0.000000000 0.000000000 1.000000000 0.000000000 0.000000000 0.000000000 
201.000000 -0.066689337 -42.117037740 -33.424833364 -0.050845226 0.211253275 -0.128808047 -119.814449479 0.043622464 -0.045571032 0.501401696 -0.865214445 0.000534953 0.000129969 0.000000000 0.000000000 0.000000000 0.000000000 0.000000000 20.000000000 -0.007297074 0.088662480 0.017692833 0.184106330 0.053430125 -0.059765491 0.999998464 0.001606873 0.000465427 -0.000522301 
202.000000 -0.111677769 -41.893436578 -33.561668687 -0.039737341 0.235846461 -0.144734751 -119.587771962 0.106128701 -0.083732593 0.503112405 -0.864220178 0.001097446 0.000432770 0.000000000 0.000000000 0.000000000 0.000000000 0.000000000 20.000000000 0.011429878 0.168588560 0.048122951 0.366365015 0.093903767 -0.075129702 0.999994337 0.003197668 0.000817364 -0.000658247 
203.000000 -0.142945164 -41.664074384 -33.698402884 -0.022779774 0.222910032 -0.128801530 -119.336940369 0.154141629 -0.100043676 0.505003037 -0.863116076 0.001432839 0.000720123 0.000000000 0.000000000 0.000000000 0.000000000 0.000000000 20.000000000 -0.000466163 0.290738301 0.083641515 0.621520470 0.159601406 -0.133670205 0.999983632 0.005425378 0.001386436 -0.001174028 
204.000000 -0.152340356 -41.439811270 -33.830033431 0.003778316 0.227132580 -0.136557094 -119.100135471 0.147972906 -0.128284266 0.506785743 -0.862070351 0.001619496 0.000545858 0.000000000 0.000000000 0.000000000 0.000000000 0.000000000 20.000000000 0.018753329 0.350068014 0.126793559 0.888645449 0.198010446 -0.153576465 0.999967522 0.007757114 0.001717520 -0.001353565 
205.000000 -0.143998624 -41.188364631 -33.990730320 0.012408607 0.279876281 -0.189306659 -118.764542468 0.103110995 -0.169130771 0.509308109 -0.860582513 0.001728455 0.000022655 0.000000000 0.000000000 0.000000000 0.000000000 0.000000000 20.000000000 0.021593633 0.441150613 0.153619817 1.096411864 0.170186665 -0.176460075 0.999951917 0.009570118 0.001470355 -0.001554042 
206.000000 -0.140096195 -40.930964641 -34.162843104 -0.004677811 0.234804000 -0.154700914 -118.423585145 0.071350310 -0.201295738 0.511866114 -0.859063215 0.001827777 -0.000364267 0.000000000 0.000000000 0.000000000 0.000000000 0.000000000 20.000000000 0.050620732 0.562847400 0.196942116 1.412046483 0.161525404 -0.229832454 0.999921040 0.012324908 0.001384751 -0.002022880 
207.000000 -0.154096195 -40.764010009 -34.261903071 -0.023169572 0.096874182 -0.041039079 -118.288605919 0.075317912 -0.230404936 0.512877602 -0.858459137 0.002063175 -0.000466980 0.000000000 0.000000000 0.000000000 0.000000000 0.000000000 20.000000000 0.039719731 0.634802985 0.217850471 1.694245364 0.169630448 -0.255944452 0.999887064 0.014787794 0.001447117 -0.002255174 
208.000000 -0.179786680 -40.658203839 -34.314265575 -0.024644563 0.070809378 -0.018907793 -118.667238218 0.085959669 -0.234718350 0.510038408 -0.860148862 0.002144450 -0.000399480 0.000000000 0.000000000 0.000000000 0.000000000 0.000000000 20.000000000 0.054472117 0.635188245 0.212610631 1.595406637 0.191163159 -0.292508352 0.999898375 0.013926293 0.001632508 -0.002575588 
209.000000 -0.200548193 -40.578662712 -34.340905388 -0.024461302 0.170989713 -0.103373003 -118.003296466 0.157607867 -0.237673578 0.515014267 -0.857177993 0.002486214 0.000110771 0.000000000 0.000000000 0.000000000 0.000000000 0.000000000 20.000000000 0.040428933 0.695611443 0.237854641 1.686495640 0.178835461 -0.320738904 0.999886502 0.014721212 0.001519266 -0.002821632 
